 0.00000000603730  0.01973576 0
 0.00000001207460  0.03947153 0
 0.00000001811191  0.04254314 0
 0.00000002414921  0.04561475 0
 0.00000003018651  0.04868636 0
 0.00000003622381  0.05175797 0
 0.00000004226111  0.05482958 0
 0.00000004829842  0.05790119 0
 0.00000005433572  0.06097280 0
 0.00000006037302  0.06404441 0
 0.00000006641032  0.06711602 0
 0.00000007848493  0.07325924 0
 0.00000009055953  0.07940246 0
 0.00000010263414  0.08554568 0
 0.00000011470874  0.09168890 0
 0.00000012678334  0.09783212 0
 0.00000014489525  0.10704695 0
 0.00000016300716  0.11626178 0
 0.00000018111906  0.12547661 0
 0.00000020526827  0.13776305 0
 0.00000022941748  0.14411022 0
 0.00000025356669  0.15045739 0
 0.00000028375320  0.15839135 0
 0.00000031393971  0.16632531 0
 0.00000035016352  0.17584607 0
 0.00000038638733  0.18536682 0
 0.00000042864845  0.19441718 0
 0.00000047694686  0.20382002 0
 0.00000053128258  0.21439822 0
 0.00000059165560  0.22615178 0
 0.00000065806593  0.23797324 0
 0.00000073051355  0.24754698 0
 0.00000080899848  0.25534761 0
 0.00000088748340  0.26308238 1
 0.00000098408024  0.27162926 1
 0.00000109275168  0.28124451 1
 0.00000120746041  0.29139393 1
 0.00000127387074  0.29726938 0
 0.00000141272869  0.30954317 0
 0.00000156366124  0.32261662 0
 0.00000173270570  0.33502511 0
 0.00000191986206  0.34832401 0
 0.00000212513033  0.36125143 0
 0.00000234851051  0.37503539 0
 0.00000259603989  0.38934411 0
 0.00000287375579  0.40418514 0
 0.00000317562089  0.41964520 0
 0.00000351370981  0.43300597 0
 0.00000388802254  0.44535420 0
 0.00000429855908  0.45627922 0
 0.00000475135673  0.46629901 0
 0.00000489625198  0.46945161 1
 0.00000541545996  0.48051591 1
 0.00000566902665  0.48591197 0
 0.00000626671955  0.49676895 0
 0.00000673159181  0.50467216 1
 0.00000744399346  0.51519564 1
 0.00000822884273  0.52639874 1
 0.00000866352848  0.53254971 0
 0.00000909821423  0.53854344 1
 0.00000982269048  0.54829712 0
 0.00001005814526  0.55144985 1
 0.00001112071042  0.56546336 1
 0.00001156143347  0.57115090 0
 0.00001233420814  0.58096300 1
 0.00001310698280  0.59070524 0
 0.00001363222808  0.59653212 1
 0.00001448952498  0.60557216 0
 0.00001561850047  0.61627496 1
 0.00001726064663  0.62937873 1
 0.00001755043713  0.63160538 0
 0.00001907787456  0.64215787 1
 0.00002108829615  0.65506748 1
 0.00002221123433  0.66199735 0
 0.00002337039633  0.66854874 1
 0.00002472275200  0.67518608 0
 0.00002588191399  0.68060285 1
 0.00002742746332  0.68754307 0
 0.00002860473723  0.69254914 1
 0.00003031329372  0.69963061 0
 0.00003161735096  0.70481006 1
 0.00003350098921  0.71208110 0
 0.00003494390441  0.71707857 1
 0.00003862062137  0.72835069 1
 0.00003901908331  0.72951301 0
 0.00004017824531  0.73287708 2
 0.00004268372567  0.73998843 1
 0.00004440435676  0.74469062 2
 0.00004462169963  0.74527286 0
 0.00004717547841  0.75187914 1
 0.00004907722856  0.75653889 2
 0.00005215625262  0.76386817 0
 0.00005273583362  0.76521759 1
 0.00005828411423  0.77710679 1
 0.00005833844995  0.77721791 0
 0.00006441801314  0.78895106 1
 0.00006529342194  0.79052442 0
 0.00007119790337  0.79991617 1
 0.00007350415276  0.80328017 0
 0.00007869019524  0.80999093 1
 0.00008181148041  0.81377301 0
 0.00008696733638  0.81962014 1
 0.00009042067317  0.82322861 0
 0.00009465885923  0.82737782 2
 0.00009611384903  0.82876772 1
 0.00010622633000  0.83736997 1
 0.00010702325388  0.83798136 2
 0.00010934157787  0.83973260 0
 0.00011740137614  0.84548538 1
 0.00011828282225  0.84607437 2
 0.00012499026485  0.85030985 0
 0.00012975369619  0.85321065 1
 0.00013117246217  0.85404346 2
 0.00014340403618  0.86064068 1
 0.00014604837449  0.86200799 2
 0.00014836669848  0.86318824 0
 0.00015918554380  0.86829111 1
 0.00016304941713  0.87000058 2
 0.00017734574844  0.87599603 1
 0.00017811852311  0.87630662 0
 0.00018020139232  0.87713663 2
 0.00019600101185  0.88323646 1
 0.00019936982641  0.88449021 2
 0.00021250699572  0.88924534 0
 0.00021661839844  0.89068990 1
 0.00022033737651  0.89198760 2
 0.00023916772169  0.89816766 0
 0.00023940317647  0.89824032 1
 0.00024361117601  0.89952950 2
 0.00026458476342  0.90552282 1
 0.00026911273998  0.90671058 0
 0.00027085148297  0.90715789 2
 0.00029241672598  0.91239962 1
 0.00029886456460  0.91381386 0
 0.00030118288860  0.91431154 2
 0.00032417293490  0.91881337 1
 0.00033286061258  0.92039294 2
 0.00033943523454  0.92153760 0
 0.00035875460118  0.92467571 1
 0.00036787092731  0.92606255 2
 0.00037662501532  0.92735187 0
 0.00039864909329  0.93042069 1
 0.00040676322728  0.93149115 2
 0.00041661610426  0.93276162 0
 0.00044095850623  0.93576527 1
 0.00044954354978  0.93674268 2
 0.00046163022853  0.93807287 0
 0.00048733706076  0.94074585 1
 0.00049099566582  0.94111304 3
 0.00049682769962  0.94169309 2
 0.00052113387778  0.94397172 0
 0.00053910088875  0.94553967 1
 0.00054508989241  0.94603839 3
 0.00055281763906  0.94666138 2
 0.00059580322984  0.94994379 1
 0.00060652547832  0.95071487 3
 0.00061116212631  0.95104430 2
 0.00061309406298  0.95118060 0
 0.00066032991441  0.95432888 1
 0.00067031561204  0.95496097 3
 0.00067655818239  0.95535379 2
 0.00067849011905  0.95547424 0
 0.00072977700017  0.95844633 1
 0.00074771382464  0.95937098 2
 0.00075306287427  0.95963742 0
 0.00080966861853  0.96218513 1
 0.00082635572146  0.96285652 2
 0.00083478379516  0.96318373 3
 0.00088192304976  0.96490207 0
 0.00089544660640  0.96536072 1
 0.00091326872213  0.96593825 2
 0.00095108638232  0.96709778 3
 0.00098962248146  0.96819399 1
 0.00100932219813  0.96872093 2
 0.00102836384888  0.96921192 0
 0.00105966122283  0.96997991 3
 0.00109482247011  0.97080730 1
 0.00111607377342  0.97128820 2
 0.00117325909867  0.97251615 3
 0.00121189783194  0.97330044 1
 0.00123345703765  0.97372123 2
 0.00128608419984  0.97471192 0
 0.00130250566148  0.97501160 3
 0.00134230355676  0.97571851 1
 0.00136567999039  0.97611757 2
 0.00143949204555  0.97731233 3
 0.00148024383456  0.97793968 0
 0.00148913074321  0.97807285 1
 0.00150931344405  0.97837048 2
 0.00159384171039  0.97954694 3
 0.00164574439633  0.98022410 1
 0.00166339143029  0.98044745 0
 0.00166805222749  0.98050576 2
 0.00176146740249  0.98161567 3
 0.00182084426840  0.98226716 1
 0.00184348415118  0.98250702 2
 0.00187802959365  0.98286321 0
 0.00194672201665  0.98354508 3
 0.00201307196645  0.98417702 1
 0.00203736607000  0.98440080 2
 0.00211333947931  0.98507580 0
 0.00215584208591  0.98543528 3
 0.00222577819314  0.98599982 1
 0.00225553001777  0.98622946 2
 0.00238574254891  0.98715584 3
 0.00246340640280  0.98765554 1
 0.00249779487542  0.98786645 2
 0.00250088597408  0.98788505 0
 0.00263665282313  0.98865672 3
 0.00272663277325  0.98912546 1
 0.00276048996329  0.98929179 2
 0.00278149977451  0.98939249 0
 0.00291395214472  0.98998545 3
 0.00301951437150  0.99041338 1
 0.00305081778275  0.99053519 2
 0.00308230231307  0.99065420 0
 0.00313678292699  0.99085407 4
 0.00322178814020  0.99115261 3
 0.00334465931203  0.99156210 1
 0.00337167623881  0.99164825 2
 0.00345593886386  0.99190730 0
 0.00352973884442  0.99212364 4
 0.00356490009171  0.99222368 3
 0.00369743094685  0.99258486 1
 0.00372679638414  0.99266137 2
 0.00390221623322  0.99308770 4
 0.00391999005053  0.99312871 0
 0.00394095156333  0.99317651 3
 0.00409937036977  0.99352080 1
 0.00411875010943  0.99356142 2
 0.00431342895212  0.99395183 4
 0.00434279438941  0.99400768 0
 0.00436443208005  0.99404843 3
 0.00453115821414  0.99434629 1
 0.00455192653328  0.99438163 2
 0.00482346023139  0.99480531 3
 0.00482964242871  0.99481417 4
 0.00494517224121  0.99497497 0
 0.00500770661610  0.99505771 1
 0.00503066043859  0.99508740 2
 0.00533075057551  0.99544580 3
 0.00535744752528  0.99547548 4
 0.00547568204911  0.99560308 0
 0.00554001554002  0.99566964 1
 0.00556126684332  0.99569125 2
 0.00589742382283  0.99601068 3
 0.00593606255611  0.99604523 4
 0.00612307402517  0.99620587 1
 0.00614615463100  0.99622490 2
 0.00651487078061  0.99651085 0
 0.00651766605147  0.99651291 3
 0.00656036788904  0.99654423 4
 0.00679113772354  0.99670738 1
 0.00679255648953  0.99670835 2
 0.00720379939494  0.99697547 3
 0.00727489466417  0.99701899 4
 0.00730116900280  0.99703492 0
 0.00750693836941  0.99715559 2
 0.00750981816250  0.99715723 1
 0.00796150495451  0.99740102 3
 0.00805385152705  0.99744786 4
 0.00829766193403  0.99756697 2
 0.00831234465267  0.99757392 1
 0.00880151101596  0.99779212 3
 0.00890544920848  0.99783505 4
 0.00912568998816  0.99792253 0
 0.00917033583700  0.99793970 2
 0.00918712557407  0.99794611 1
 0.00972768145262  0.99813920 3
 0.00984668875112  0.99817856 4
 0.01010324994008  0.99825920 0
 0.01014266144802  0.99827109 2
 0.01016507191332  0.99827779 1
 0.01075075058758  0.99843981 3
 0.01088227925058  0.99847299 4
 0.01119464925992  0.99854769 0
 0.01120937423968  0.99855108 2
 0.01125067542317  0.99856052 1
 0.01188164593759  0.99869464 3
 0.01203021186704  0.99872344 4
 0.01239766622051  0.99879072 2
 0.01243475940446  0.99879723 1
 0.01313180215278  0.99890864 3
 0.01331031310052  0.99893438 4
 0.01361865019208  0.99897694 5
 0.01370249624329  0.99898803 2
 0.01377088680119  0.99899696 1
 0.01393201031896  0.99901758 0
 0.01451738712811  0.99908727 3
 0.01471017629526  0.99910870 4
 0.01514449376920  0.99915489 2
 0.01524340892639  0.99916494 1
 0.01526350106770  0.99916697 5
 0.01570900566239  0.99921020 0
 0.01604535583557  0.99924113 3
 0.01625864164326  0.99925987 4
 0.01673725480252  0.99929949 2
 0.01685831478372  0.99930900 1
 0.01687840692503  0.99931056 5
 0.01773406167346  0.99937204 3
 0.01790040142021  0.99938303 0
 0.01796858067254  0.99938745 4
 0.01849910859235  0.99942028 2
 0.01865791378612  0.99942956 5
 0.01866795985677  0.99943014 1
 0.01959917144066  0.99948042 3
 0.01986015797205  0.99949331 4
 0.02044785310520  0.99952063 2
 0.02063834206025  0.99952903 1
 0.02065997975089  0.99952997 5
 0.02166043918958  0.99957108 3
 0.02195128621702  0.99958209 4
 0.02259837632798  0.99960518 2
 0.02280889705132  0.99961236 1
 0.02283281080484  0.99961316 5
 0.02288750272433  0.99961499 0
 0.02393848834408  0.99964807 3
 0.02426130288601  0.99965746 4
 0.02497650583898  0.99967720 2
 0.02520891781964  0.99968334 1
 0.02524910210225  0.99968439 5
 0.02579004436813  0.99969813 0
 0.02645612179412  0.99971407 3
 0.02681416399365  0.99972219 4
 0.02760645121950  0.99973921 2
 0.02787885428911  0.99974478 1
 0.02807397989216  0.99974868 5
 0.02924164241181  0.99977060 3
 0.02963575749124  0.99977754 4
 0.03050985016020  0.99979213 2
 0.03052869861728  0.99979243 0
 0.03082196660285  0.99979707 1
 0.03102654662095  0.99980023 5
 0.03231767196802  0.99981886 3
 0.03275351687939  0.99982468 4
 0.03372141714799  0.99983678 2
 0.03416035315802  0.99984193 1
 0.03431761280246  0.99984372 5
 0.03536665441094  0.99985501 0
 0.03571655228998  0.99985852 3
 0.03619873953207  0.99986314 4
 0.03726941883119  0.99987271 2
 0.03775819880715  0.99987675 1
 0.03797032545284  0.99987845 5
 0.03928983819427  0.99988823 0
 0.03947491772667  0.99988950 3
 0.04000581392190  0.99989303 4
 0.04119047748418  0.99990034 2
 0.04173567001073  0.99990349 1
 0.04199570868569  0.99990495 5
 0.04312705079605  0.99991097 6
 0.04362653490859  0.99991348 3
 0.04421395836314  0.99991633 4
 0.04455591115265  0.99991793 0
 0.04552593655158  0.99992227 2
 0.04613295105137  0.99992483 1
 0.04641771851562  0.99992599 5
 0.04794897151541  0.99993189 6
 0.04821478185115  0.99993285 3
 0.04886664143074  0.99993514 4
 0.04953412554811  0.99993739 0
 0.05031578712231  0.99993991 2
 0.05104934347359  0.99994215 1
 0.05130281356389  0.99994290 5
 0.05303344242738  0.99994772 6
 0.05328557827392  0.99994838 3
 0.05401332070330  0.99995023 4
 0.05560832761299  0.99995397 2
 0.05648021062939  0.99995586 1
 0.05675280689267  0.99995643 5
 0.05864880953459  0.99996016 6
 0.05888967373816  0.99996061 3
 0.05970171501640  0.99996206 4
 0.06006955575720  0.99996269 0
 0.06145784544386  0.99996497 2
 0.06258358493790  0.99996669 1
 0.06273331002935  0.99996691 5
 0.06508911359727  0.99997019 3
 0.06586536574882  0.99997119 6
 0.06598059973351  0.99997133 4
 0.06792287829584  0.99997365 2
 0.06920529785332  0.99997506 1
 0.06933396483513  0.99997520 5
 0.07193609032770  0.99997780 3
 0.07291984455155  0.99997870 4
 0.07293567435759  0.99997871 6
 0.07508051044182  0.99998054 2
 0.07651903048173  0.99998167 1
 0.07662721893491  0.99998175 5
 0.07722418736405  0.99998220 0
 0.07950812288808  0.99998378 3
 0.08059193935651  0.99998447 4
 0.08114717795370  0.99998481 6
 0.08298676804504  0.99998589 2
 0.08463548279399  0.99998679 1
 0.08468996340791  0.99998682 5
 0.08551026371539  0.99998724 0
 0.08787109031864  0.99998836 3
 0.08906787074619  0.99998888 4
 0.08978138929188  0.99998918 6
 0.09172337202640  0.99998994 2
 0.09357764483639  0.99999061 1
 0.09360623749901  0.99999062 5
 0.09711502086793  0.99999173 3
 0.09843522186180  0.99999210 4
 0.10040935926717  0.99999263 6
 0.10137262288777  0.99999286 2
 0.10345525061143  0.99999335 5
 0.10346452390741  0.99999335 1
 0.10638677130519  0.99999397 7
 0.10733148833382  0.99999415 3
 0.10878774596723  0.99999442 4
 0.11098284862854  0.99999481 6
 0.11203923159634  0.99999498 2
 0.11434789590967  0.99999534 5
 0.11441783201690  0.99999535 1
 0.11862018064815  0.99999593 3
 0.12003319912411  0.99999611 7
 0.12023450692448  0.99999613 4
 0.12161506886449  0.99999629 0
 0.12265501829604  0.99999641 6
 0.12382617037629  0.99999654 2
 0.12639796446323  0.99999680 5
 0.12660893194693  0.99999682 1
 0.13109604804243  0.99999722 3
 0.13287968441815  0.99999736 4
 0.13337496053114  0.99999740 7
 0.13566160076650  0.99999757 6
 0.13684935542744  0.99999766 2
 0.13969162064733  0.99999784 5
 0.13993929492764  0.99999786 1
 0.14488466639982  0.99999814 3
 0.14685562818430  0.99999825 4
 0.14929798251477  0.99999836 0
 0.14999038861510  0.99999840 6
 0.15125348880594  0.99999845 2
 0.15438940839873  0.99999858 5
 0.15469272245496  0.99999860 1
 0.16012232177733  0.99999880 3
 0.16230057432855  0.99999887 4
 0.16609771735646  0.99999898 6
 0.16716491916958  0.99999901 2
 0.17062926799524  0.99999910 5
 0.17111379771053  0.99999911 1
 0.17696312234774  0.99999924 3
 0.17936987470787  0.99999929 4
 0.18376411898556  0.99999937 6
 0.18475172500814  0.99999939 2
 0.18857580044060  0.99999944 5
 0.18913026626313  0.99999945 1
 0.19557820147564  0.99999954 3
 0.19823577355046  0.99999957 4
 0.20316820104699  0.99999962 6
 0.20418710444351  0.99999963 2
 0.20621331961658  0.99999965 0
 0.20648398394319  0.99999965 7
 0.20840849472551  0.99999966 5
 0.20905268693147  0.99999967 1
 0.21614869029787  0.99999972 3
 0.21908441295388  0.99999974 4
 0.22459212289049  0.99999977 6
 0.22567323464759  0.99999978 2
 0.22834954650805  0.99999979 7
 0.23032707687719  0.99999980 5
 0.23135293524571  0.99999981 1
 0.23888439713615  0.99999984 3
 0.24212572198586  0.99999985 4
 0.24824868733960  0.99999987 6
 0.24941441792258  0.99999988 2
 0.25455143751181  0.99999989 5
 0.25585008533726  0.99999989 1
 0.26400809239970  0.99999991 3
 0.26759297596127  0.99999992 4
 0.27446139718867  0.99999993 6
 0.27565919792027  0.99999993 2
 0.28132402260607  0.99999994 5
 0.28285063895787  0.99999994 1
 0.29096631849546  0.99999995 7
 0.29177657273228  0.99999995 3
 0.29400873235372  0.99999996 0
 0.29573597429075  0.99999996 4
 0.30332820162657  0.99999996 6
 0.30465814682598  0.99999997 2
 0.31092399700791  0.99999997 5
 0.31262390807845  0.99999997 1
 0.32246298379166  0.99999998 3
 0.32683948443855  0.99999998 4
 0.32951444394335  0.99999998 7
 0.33522951105702  0.99999998 6
 0.33672674989691  0.99999998 2
 0.34362530933627  0.99999999 5
 0.34557308788078  0.99999999 1
 0.35637671315993  0.99999999 3
 0.36121349771699  0.99999999 4
 0.36458469700894  0.99999999 7
 0.37052462947568  0.99999999 6
 0.37214591072400  0.99999999 2
 0.37976856002497  0.99999999 5
 0.38304106753990  0.99999999 1
 0.39385933327658  1.00000000 3
 0.39920345647618  1.00000000 4
 0.40293769685378  1.00000000 7
 0.40950087208828  1.00000000 6
 0.41128965224536  1.00000000 2
 0.41970917108446  1.00000000 5
 0.42256675293971  1.00000000 0
 0.42381652276757  1.00000000 1
 0.43528546477264  1.00000000 3
 0.44118805048875  1.00000000 4
 0.44571289972222  1.00000000 7
 0.45258441204828  1.00000000 6
 0.45454725969877  1.00000000 2
 0.46385455777064  1.00000000 5
 0.46846724974930  1.00000000 1
 0.48106637470274  1.00000000 3
 0.48758820649264  1.00000000 4
 0.49268620096126  1.00000000 7
 0.50022326546802  1.00000000 6
 0.50236520364726  1.00000000 2
 0.51264136795605  1.00000000 5
 0.51857473183814  1.00000000 1
 0.53166592105986  1.00000000 3
 0.53886830772612  1.00000000 4
 0.54476097415491  1.00000000 7
 0.55283975370222  1.00000000 6
 0.55520425098514  1.00000000 2
 0.56656017469537  1.00000000 5
 0.57394828688535  1.00000000 1
 0.58758534481145  1.00000000 3
 0.59554158523855  1.00000000 4
 0.60213862370040  1.00000000 7
 0.61103538523119  1.00000000 6
 0.61360196308914  1.00000000 2
 0.62496484177137  1.00000000 0
 0.62614612444449  1.00000000 5
 0.63534668301568  1.00000000 1
 0.64938223910252  1.00000000 3
 0.65817524355986  1.00000000 4
 0.66546731434843  1.00000000 7
 0.67531439552419  1.00000000 6
 0.67816284294140  1.00000000 2
 0.69200343039504  1.00000000 5
 0.70320016252417  1.00000000 1
 0.71767836756182  1.00000000 3
 0.72739651007716  1.00000000 4
 0.73568509794617  1.00000000 7
 0.74634842236241  1.00000000 6
 0.74949206970186  1.00000000 2
 0.76478218923440  1.00000000 5
 0.77849304714107  1.00000000 1
 0.79315779877551  1.00000000 3
 0.80389898023931  1.00000000 4
 0.81312146629163  1.00000000 7
 0.82484271922500  1.00000000 6
 0.82836541253791  1.00000000 2
 0.84521503360664  1.00000000 5
 0.86162252493255  1.00000000 1
 0.87657766475948  1.00000000 3
 0.88844577506582  1.00000000 4
 0.89871070395546  1.00000000 7
 0.91160425605647  1.00000000 6
 0.91550213750680  1.00000000 2
 0.93410709811642  1.00000000 5
 0.96877097434207  1.00000000 3
 0.98188443517115  1.00000000 4
 0.98489262960125  1.00000000 1
 0.99322915364873  1.00000000 7
 0.99443711515973  1.00000000 0
 0.99999503130039  1.00000000 1
 0.99999628102192  1.00000000 0
 0.99999794127999  1.00000000 2
 0.99999976454522  1.00000000 7
 0.99999995170158  1.00000000 3
 0.99999998188809  1.00000000 5
 0.99999999396270  1.00000000 4
 1.00000000000000  1.00000000 6
