 0.00020408163265  0.05675175 0
 0.00040816326531  0.11350350 0
 0.00061224489796  0.14421540 0
 0.00081632653061  0.17492731 0
 0.00102040816327  0.20563922 0
 0.00122448979592  0.23635113 0
 0.00142857142857  0.26706303 0
 0.00163265306122  0.29777494 0
 0.00183673469388  0.32848685 0
 0.00204081632653  0.35919875 0
 0.00224489795918  0.38676391 0
 0.00265306122449  0.44189424 0
 0.00306122448980  0.48873392 0
 0.00346938775510  0.51483645 1
 0.00387755102041  0.52849246 1
 0.00428571428571  0.54214848 1
 0.00489795918367  0.56263250 1
 0.00551020408163  0.58311652 1
 0.00612244897959  0.60360054 1
 0.00693877551020  0.62626028 1
 0.00775510204082  0.64426774 1
 0.00857142857143  0.66227519 1
 0.00959183673469  0.68478450 1
 0.01061224489796  0.70729382 1
 0.01183673469388  0.73430500 1
 0.01306122448980  0.76131618 1
 0.01448979591837  0.78808444 1
 0.01612244897959  0.81867673 1
 0.01653061224490  0.82341652 2
 0.01836734693878  0.83165830 2
 0.02040816326531  0.84051245 2
 0.02265306122449  0.84955546 2
 0.02510204081633  0.85808723 2
 0.02775510204082  0.86708552 2
 0.03081632653061  0.87725095 2
 0.03285714285714  0.88393694 0
 0.03632653061224  0.89504196 0
 0.03938775510204  0.90360942 1
 0.04367346938776  0.91518582 1
 0.04591836734694  0.92119164 2
 0.04918367346939  0.92887218 1
 0.05448979591837  0.93619878 1
 0.06020408163265  0.94408897 1
 0.06653061224490  0.95076153 1
 0.06877551020408  0.95277264 0
 0.07040816326531  0.95381537 3
 0.07530612244898  0.95679616 1
 0.08326530612245  0.96101154 1
 0.08836734693878  0.96370339 3
 0.09489795918367  0.96681272 2
 0.10489795918367  0.97065970 2
 0.10795918367347  0.97182327 3
 0.11591836734694  0.97431619 2
 0.12816326530612  0.97774181 2
 0.13734693877551  0.97972234 1
 0.14163265306122  0.98053159 2
 0.15367346938776  0.98249399 1
 0.17000000000000  0.98456426 1
 0.18795918367347  0.98659117 1
 0.20591836734694  0.98855186 4
 0.20632653061224  0.98859331 2
 0.22265306122449  0.99006491 0
 0.22632653061224  0.99030553 1
 0.25020408163265  0.99182689 1
 0.26551020408163  0.99280182 4
 0.27653061224490  0.99345184 1
 0.27938775510204  0.99361919 3
 0.30714285714286  0.99497303 2
 0.33000000000000  0.99583534 3
 0.34142857142857  0.99615870 2
 0.34632653061224  0.99628886 0
 0.34693877551020  0.99630367 0
 0.37734693877551  0.99702589 2
 0.40265306122449  0.99755323 1
 0.40918367346939  0.99767827 4
 0.41714285714286  0.99781345 2
 0.45530612244898  0.99840505 1
 0.46183673469388  0.99849085 2
 0.46510204081633  0.99853211 3
 0.51040816326531  0.99904963 2
 0.52061224489796  0.99913245 3
 0.56408163265306  0.99943427 2
 0.62346938775510  0.99968985 2
 0.63489795918367  0.99972928 3
 0.67408163265306  0.99983276 4
 0.69693877551020  0.99988030 1
 0.70183673469388  0.99988738 3
 0.73938775510204  0.99993730 2
 0.77857142857143  0.99997415 3
 0.82102040816327  0.99999242 2
 0.84061224489796  0.99999624 4
 0.84224489795918  0.99999650 1
 0.86510204081633  0.99999953 3
 0.87918367346939  0.99999994 4
 0.92877551020408  1.00000000 2
 0.93081632653061  1.00000000 1
 0.95673469387755  1.00000000 3
 0.99857142857143  1.00000000 1
 0.99938775510204  1.00000000 2
 1.00000000000000  1.00000000 3
