 0.00020408163265  0.11553737 0
 0.00040816326531  0.23107447 0
 0.00061224489796  0.25089617 0
 0.00081632653061  0.27071775 0
 0.00102040816327  0.29053932 0
 0.00122448979592  0.31036079 0
 0.00142857142857  0.33018223 0
 0.00163265306122  0.35000368 0
 0.00183673469388  0.36982511 0
 0.00204081632653  0.38964653 0
 0.00224489795918  0.40946794 0
 0.00265306122449  0.44911063 0
 0.00306122448980  0.48875319 0
 0.00346938775510  0.52839546 0
 0.00387755102041  0.56206173 0
 0.00428571428571  0.58975177 0
 0.00489795918367  0.63128603 0
 0.00551020408163  0.66497464 0
 0.00612244897959  0.68297278 0
 0.00632653061224  0.68618091 1
 0.00714285714286  0.69901342 1
 0.00795918367347  0.71184591 1
 0.00877551020408  0.72467840 1
 0.00979591836735  0.74071898 1
 0.01081632653061  0.75675955 1
 0.01204081632653  0.77600820 1
 0.01285714285714  0.78777150 0
 0.01428571428571  0.80274436 0
 0.01591836734694  0.81985594 0
 0.01612244897959  0.82080056 1
 0.01795918367347  0.82930205 1
 0.02000000000000  0.83874807 1
 0.02224489795918  0.84913863 1
 0.02469387755102  0.86047373 1
 0.02734693877551  0.87275335 1
 0.02918367346939  0.88116062 0
 0.03224489795918  0.89392000 0
 0.03244897959184  0.89458635 1
 0.03591836734694  0.90591417 1
 0.03979591836735  0.91763648 1
 0.04408163265306  0.92768955 1
 0.04877551020408  0.93869998 1
 0.05408163265306  0.94904435 1
 0.05979591836735  0.95624694 1
 0.06510204081633  0.96051038 2
 0.07204081632653  0.96423800 2
 0.07979591836735  0.96810612 2
 0.08836734693878  0.97188905 2
 0.09775510204082  0.97578252 1
 0.10816326530612  0.97986510 1
 0.11081632653061  0.98087917 2
 0.12265306122449  0.98378142 2
 0.13040816326531  0.98545299 0
 0.13183673469388  0.98570842 0
 0.13204081632653  0.98574480 1
 0.14591836734694  0.98818243 1
 0.16142857142857  0.99039986 1
 0.17122448979592  0.99179245 2
 0.18938775510204  0.99368416 2
 0.19734693877551  0.99450360 1
 0.20938775510204  0.99538642 2
 0.23142857142857  0.99649516 2
 0.25591836734694  0.99706488 2
 0.25612244897959  0.99706953 1
 0.28224489795918  0.99764000 3
 0.29530612244898  0.99790332 2
 0.31204081632653  0.99823152 3
 0.32142857142857  0.99840681 1
 0.34489795918367  0.99875974 3
 0.36061224489796  0.99895521 1
 0.38020408163265  0.99915694 2
 0.42020408163265  0.99948628 2
 0.43244897959184  0.99957379 1
 0.46448979591837  0.99973268 2
 0.49775510204082  0.99983650 1
 0.51346938775510  0.99987056 2
 0.54673469387755  0.99991784 4
 0.55244897959184  0.99992398 3
 0.61061224489796  0.99996759 3
 0.61122448979592  0.99996797 1
 0.62428571428571  0.99997575 2
 0.69000000000000  0.99999454 2
 0.69612244897959  0.99999520 3
 0.76938775510204  0.99999882 3
 0.78755102040816  0.99999919 2
 0.85285714285714  0.99999993 3
 0.87040816326531  0.99999998 2
 0.87244897959184  0.99999998 4
 0.91326530612245  1.00000000 1
 0.94306122448980  1.00000000 3
 0.96204081632653  1.00000000 2
 0.97612244897959  1.00000000 4
 0.98795918367347  1.00000000 4
 0.99918367346939  1.00000000 3
 0.99959183673469  1.00000000 1
 1.00000000000000  1.00000000 2
