 0.00020408163265  0.11553737 0
 0.00040816326531  0.23107447 0
 0.00061224489796  0.25089617 0
 0.00081632653061  0.27071775 0
 0.00102040816327  0.29053932 0
 0.00122448979592  0.31036079 0
 0.00142857142857  0.33018223 0
 0.00163265306122  0.35000368 0
 0.00183673469388  0.36982511 0
 0.00204081632653  0.38964653 0
 0.00224489795918  0.40946794 0
 0.00244897959184  0.42928931 0
 0.00265306122449  0.44911063 0
 0.00285714285714  0.46893195 0
 0.00306122448980  0.48875319 0
 0.00326530612245  0.50857440 0
 0.00346938775510  0.52839546 0
 0.00367346938776  0.54821649 0
 0.00387755102041  0.56206173 0
 0.00408163265306  0.57590681 0
 0.00428571428571  0.58975177 0
 0.00448979591837  0.60359658 0
 0.00469387755102  0.61744134 0
 0.00489795918367  0.63128603 0
 0.00510204081633  0.64513071 0
 0.00530612244898  0.65897526 0
 0.00551020408163  0.66497464 0
 0.00571428571429  0.67097402 0
 0.00591836734694  0.67697340 0
 0.00612244897959  0.68297278 0
 0.00632653061224  0.68618091 1
 0.01285714285714  0.78777150 0
 0.01306122448980  0.78991050 0
 0.01326530612245  0.79204949 0
 0.01346938775510  0.79418847 0
 0.01367346938776  0.79632744 0
 0.01387755102041  0.79846642 0
 0.01408163265306  0.80060539 0
 0.01428571428571  0.80274436 0
 0.01448979591837  0.80488333 0
 0.01469387755102  0.80702229 0
 0.01489795918367  0.80916125 0
 0.01510204081633  0.81130020 0
 0.01530612244898  0.81343914 0
 0.01551020408163  0.81557808 0
 0.01571428571429  0.81771701 0
 0.01591836734694  0.81985594 0
 0.02918367346939  0.88116062 0
 0.02959183673469  0.88286191 0
 0.03000000000000  0.88456318 0
 0.03040816326531  0.88626445 0
 0.03081632653061  0.88796571 0
 0.03122448979592  0.88966695 0
 0.03163265306122  0.89136819 0
 0.03204081632653  0.89306940 0
 0.06510204081633  0.96051038 2
 0.13040816326531  0.98545299 0
 0.13183673469388  0.98570842 0
 0.28224489795918  0.99764000 3
 0.54673469387755  0.99991784 4
 0.98795918367347  1.00000000 4
 0.99918367346939  1.00000000 3
 0.99959183673469  1.00000000 1
 1.00000000000000  1.00000000 2
