 0.00000000603730  0.03505052 0
 0.00000001207460  0.07010102 0
 0.00000001811191  0.07135260 0
 0.00000002414921  0.07260419 0
 0.00000003018651  0.07385578 0
 0.00000003622381  0.07510736 0
 0.00000004226111  0.07635894 0
 0.00000004829842  0.07761053 0
 0.00000005433572  0.07886211 0
 0.00000006037302  0.08011369 0
 0.00000006641032  0.08136528 0
 0.00000007848493  0.08386844 0
 0.00000009055953  0.08637161 0
 0.00000010263414  0.08887477 0
 0.00000011470874  0.09137794 0
 0.00000012678334  0.09388110 0
 0.00000014489525  0.09763584 0
 0.00000016300716  0.10139059 0
 0.00000018111906  0.10514533 0
 0.00000020526827  0.11015165 0
 0.00000022941748  0.11515796 0
 0.00000025356669  0.12016427 0
 0.00000028375320  0.12642215 0
 0.00000031393971  0.13268002 0
 0.00000035016352  0.14018946 0
 0.00000038638733  0.14769889 0
 0.00000040449924  0.15081578 1
 0.00000044676035  0.15511197 1
 0.00000049505877  0.16002191 1
 0.00000054939449  0.16554560 1
 0.00000060976751  0.17168302 1
 0.00000067617783  0.17843418 1
 0.00000074862546  0.18579909 1
 0.00000082711038  0.19377774 1
 0.00000091766992  0.20298386 1
 0.00000101426675  0.21280373 1
 0.00000112293819  0.22385108 1
 0.00000117727390  0.22899158 0
 0.00000130405725  0.23383357 0
 0.00000144291520  0.23913665 0
 0.00000159988505  0.24304234 0
 0.00000176892951  0.24669835 0
 0.00000195608587  0.25073724 0
 0.00000216135414  0.25514672 0
 0.00000239077162  0.26007495 0
 0.00000264433831  0.26552194 0
 0.00000292205420  0.27148767 0
 0.00000322995661  0.27810185 0
 0.00000357408283  0.28549415 0
 0.00000395443286  0.29366458 0
 0.00000437100670  0.30124136 0
 0.00000483587896  0.30716486 0
 0.00000534904964  0.31370375 0
 0.00000591655603  0.31945201 0
 0.00000653839815  0.32475164 0
 0.00000722665058  0.33050123 0
 0.00000798735064  0.33575866 0
 0.00000883257294  0.34074168 0
 0.00000976231745  0.34622298 0
 0.00001078865881  0.35185443 0
 0.00001192367160  0.35783671 0
 0.00001317943043  0.36440620 0
 0.00001426614480  0.36993342 1
 0.00001576943302  0.37731072 1
 0.00001742969109  0.38545831 1
 0.00001926503092  0.39446510 1
 0.00002129356442  0.40441994 1
 0.00002353340349  0.41541171 1
 0.00002353944079  0.41544089 0
 0.00002601473464  0.42707274 0
 0.00002856247611  0.43784104 1
 0.00003156905255  0.44902482 1
 0.00003488956869  0.46079928 1
 0.00003629022277  0.46565051 0
 0.00003856024835  0.47301635 1
 0.00004223092801  0.48453216 0
 0.00004667438234  0.49706469 0
 0.00005158270893  0.50940272 0
 0.00005382254800  0.51461590 2
 0.00005845919599  0.52510630 0
 0.00005961835799  0.52740986 2
 0.00006589111484  0.53901623 2
 0.00007282193762  0.55104818 2
 0.00007314191463  0.55159784 0
 0.00007719898163  0.55828160 1
 0.00008183562962  0.56488332 0
 0.00008647227761  0.57096301 1
 0.00009420002427  0.57886586 0
 0.00009883667226  0.58322762 1
 0.00010410723697  0.58814119 0
 0.00010923290644  0.59284057 1
 0.00011505890294  0.59784212 0
 0.00012072189228  0.60239454 1
 0.00012897488422  0.60886177 0
 0.00013341833855  0.61207480 1
 0.00014745506587  0.62145688 1
 0.00014781126669  0.62168003 0
 0.00016296489490  0.63091149 1
 0.00017157408766  0.63540526 0
 0.00018010479549  0.63973606 1
 0.00019904984940  0.64913618 1
 0.00021998721299  0.65893853 1
 0.00022489553958  0.66112016 0
 0.00024312819185  0.66815637 1
 0.00026870220343  0.67705406 1
 0.00027780645496  0.68013861 0
 0.00029696281445  0.68613149 1
 0.00032819981538  0.69476208 1
 0.00036272110864  0.70357629 1
 0.00038251742214  0.70845535 0
 0.00040087082045  0.71278811 1
 0.00044303533814  0.72226101 1
 0.00045206714204  0.72413831 0
 0.00047988703000  0.72944101 3
 0.00048065980467  0.72958535 2
 0.00048963123555  0.73125022 1
 0.00054112942225  0.74045935 1
 0.00056411946855  0.74413957 2
 0.00059804306891  0.74900286 1
 0.00062344803604  0.75252764 2
 0.00066093968192  0.75748275 1
 0.00066380740040  0.75785872 0
 0.00069684351736  0.76208892 2
 0.00073045317801  0.76625133 1
 0.00077450737124  0.77147652 2
 0.00082782882317  0.77749267 1
 0.00086028535912  0.78106222 2
 0.00091489275638  0.78679363 1
 0.00096460993897  0.79166318 2
 0.00102797746154  0.79749923 1
 0.00107434394148  0.80164653 2
 0.00110680047743  0.80444794 0
 0.00113609346710  0.80688244 1
 0.00119605595130  0.81173763 2
 0.00125557771245  0.81634220 1
 0.00132356377112  0.82117794 2
 0.00132588209511  0.82133545 0
 0.00138763162073  0.82533869 1
 0.00147193650690  0.83054127 2
 0.00153357132378  0.83412559 1
 0.00154612287479  0.83483297 0
 0.00155558936445  0.83535327 3
 0.00163750347900  0.83958954 2
 0.00169485784870  0.84241125 1
 0.00173487308685  0.84423016 3
 0.00185078928669  0.84911075 2
 0.00187310919246  0.85000682 1
 0.00193656727456  0.85250999 3
 0.00207010635915  0.85748480 1
 0.00207334839036  0.85759838 2
 0.00214024169735  0.85986044 3
 0.00228782354656  0.86451551 1
 0.00229140970400  0.86462485 2
 0.00236661637594  0.86686809 3
 0.00253240069091  0.87147521 2
 0.00254010428836  0.87168135 1
 0.00279873627193  0.87807614 2
 0.00284225918259  0.87907428 1
 0.00309308493458  0.88447530 2
 0.00317493867610  0.88614336 1
 0.00341839288226  0.89085848 2
 0.00352500559960  0.89279018 1
 0.00377790818350  0.89703148 2
 0.00397707877894  0.90013086 1
 0.00417523510764  0.90298072 2
 0.00430164413847  0.90471495 3
 0.00439592264767  0.90595423 1
 0.00461435223673  0.90865761 2
 0.00473671627518  0.91010415 4
 0.00479950421675  0.91082973 0
 0.00479954647787  0.91083022 0
 0.00483664569912  0.91125423 3
 0.00485824716594  0.91149865 1
 0.00509964868939  0.91415184 2
 0.00538454293699  0.91714083 1
 0.00563598449379  0.91961639 2
 0.00577402136843  0.92092687 3
 0.00595084187159  0.92254156 1
 0.00622872681148  0.92498149 2
 0.00659007141525  0.92793329 1
 0.00688381031038  0.93018478 2
 0.00699809643866  0.93102193 3
 0.00731107017820  0.93319080 1
 0.00760779150057  0.93511450 2
 0.00803670558915  0.93770336 3
 0.00808307206909  0.93797312 1
 0.00840791514451  0.93978751 2
 0.00878552424007  0.94175198 4
 0.00888521217193  0.94225115 3
 0.00901271999174  0.94287445 1
 0.00929218670477  0.94418956 2
 0.00981967786164  0.94646930 3
 0.01002119093028  0.94728673 1
 0.01026945686619  0.94825834 2
 0.01054745047752  0.94929902 4
 0.01088592578103  0.95050581 3
 0.01110268907472  0.95123673 1
 0.01134950605813  0.95203985 2
 0.01205165636401  0.95420159 3
 0.01247127300740  0.95542015 1
 0.01255936931928  0.95567016 2
 0.01333214398482  0.95776042 3
 0.01383174280610  0.95902494 1
 0.01388274593403  0.95915059 2
 0.01473588916479  0.96117666 3
 0.01536067748189  0.96257601 2
 0.01554614340162  0.96297586 1
 0.01629264372854  0.96452227 3
 0.01697886763155  0.96586219 2
 0.01738573349296  0.96661293 1
 0.01800615684066  0.96769861 3
 0.01876455065266  0.96892476 2
 0.01936674134809  0.96984019 1
 0.01961712033973  0.97020491 4
 0.01997646055921  0.97071407 3
 0.02073803602941  0.97174163 2
 0.02154480674294  0.97275530 1
 0.02206391208722  0.97336794 4
 0.02207740545736  0.97338342 3
 0.02291907781418  0.97431942 2
 0.02393847626948  0.97539065 1
 0.02438591280083  0.97584311 4
 0.02442339237211  0.97588055 3
 0.02532950085398  0.97676065 2
 0.02646583581316  0.97780613 1
 0.02699202291277  0.97827045 3
 0.02723551938004  0.97848084 4
 0.02799343020788  0.97912018 2
 0.02941744864822  0.98023459 1
 0.02984170193960  0.98055021 3
 0.03015815316515  0.98078079 4
 0.03094522416201  0.98133899 2
 0.03267121637751  0.98249099 1
 0.03298018134848  0.98268655 3
 0.03353768997126  0.98303122 4
 0.03421077670495  0.98343430 2
 0.03645259600971  0.98467915 3
 0.03714963875803  0.98503785 4
 0.03726207747187  0.98509427 1
 0.03781383858307  0.98536586 2
 0.04029676358348  0.98649251 3
 0.04138579628090  0.98694586 1
 0.04152953236869  0.98700417 4
 0.04188191761618  0.98714509 2
 0.04453481078190  0.98813535 3
 0.04628248294915  0.98872982 1
 0.04630566618912  0.98873742 2
 0.04647258551687  0.98879183 4
 0.04921857991788  0.98963452 3
 0.05123905965398  0.99019781 2
 0.05175140925724  0.99033337 4
 0.05184027834377  0.99035660 1
 0.05441014049406  0.99099647 3
 0.05631116617131  0.99143279 5
 0.05665427812281  0.99150806 2
 0.05747496481762  0.99168435 1
 0.05842702320558  0.99188157 4
 0.06013250670593  0.99221867 3
 0.06265216868946  0.99268265 2
 0.06382734161289  0.99288534 1
 0.06470275645101  0.99303108 4
 0.06645670137512  0.99330937 3
 0.06928374051917  0.99372188 2
 0.07069327547183  0.99391011 1
 0.07151512132864  0.99401483 4
 0.07344601353925  0.99424826 3
 0.07550476373320  0.99448082 5
 0.07658432994097  0.99459709 2
 0.07908811985735  0.99485425 4
 0.08117040345479  0.99505478 3
 0.08351380036695  0.99526676 5
 0.08474714873316  0.99537317 2
 0.08551296842672  0.99543791 1
 0.08747890717588  0.99559833 4
 0.08970717273748  0.99577078 3
 0.09322091273140  0.99602581 5
 0.09366008419621  0.99605637 2
 0.09461557780905  0.99612180 1
 0.09667914577005  0.99625880 4
 0.09914176128628  0.99641516 3
 0.10366573511096  0.99668395 2
 0.10581173035718  0.99680372 1
 0.10685578515415  0.99686020 4
 0.10956859250566  0.99700196 3
 0.11456836006953  0.99724553 2
 0.11754187019921  0.99738013 1
 0.11809391506361  0.99740429 4
 0.12110049753406  0.99753123 3
 0.12667838506999  0.99774839 2
 0.13051396156291  0.99788494 4
 0.13108629176228  0.99790446 5
 0.13220198518567  0.99794190 1
 0.13383674772952  0.99799535 3
 0.14016890560014  0.99818839 2
 0.14425321290123  0.99830191 4
 0.14559204500929  0.99833736 5
 0.14710359225511  0.99837638 1
 0.14796137213387  0.99839806 3
 0.15501371373166  0.99856415 2
 0.15942445795593  0.99865836 4
 0.16093065615210  0.99868891 5
 0.16352367739314  0.99873979 3
 0.16951772219837  0.99884930 1
 0.17138166072898  0.99888130 2
 0.17619913799401  0.99895987 4
 0.17802311562218  0.99898803 5
 0.18073030224545  0.99902833 3
 0.18744339576507  0.99912057 1
 0.18959240362504  0.99914769 2
 0.19473016580243  0.99920833 4
 0.19715350263136  0.99923508 5
 0.19974538885961  0.99926237 3
 0.20858948096710  0.99934720 6
 0.20912165707038  0.99935194 1
 0.20956445695373  0.99935586 2
 0.21521011924275  0.99940349 4
 0.21870329618581  0.99943094 5
 0.22076350740686  0.99944644 3
 0.23160490204779  0.99952050 2
 0.23463548883129  0.99953924 6
 0.23784397075772  0.99955823 4
 0.24191209808925  0.99958112 5
 0.24398140752453  0.99959230 3
 0.24811171303013  0.99961378 1
 0.25602536632840  0.99965157 2
 0.26286631783135  0.99968087 4
 0.26702150909610  0.99969721 6
 0.26748169640944  0.99969896 5
 0.26964116087659  0.99970700 3
 0.28133696658172  0.99974626 1
 0.28321304008950  0.99975200 2
 0.29053285831841  0.99977309 4
 0.29146768020894  0.99977564 1
 0.29434469010227  0.99978332 6
 0.29540706207373  0.99978608 2
 0.29565281045468  0.99978671 5
 0.29575205162618  0.99978696 5
 0.29577335726520  0.99978702 3
 0.29577900214264  0.99970000 4
