 0.00000000603730  0.03505052 0
 0.00000001207460  0.07010102 0
 0.00000001811191  0.07135260 0
 0.00000002414921  0.07260419 0
 0.00000003018651  0.07385578 0
 0.00000003622381  0.07510736 0
 0.00000004226111  0.07635894 0
 0.00000004829842  0.07761053 0
 0.00000005433572  0.07886211 0
 0.00000006037302  0.08011369 0
 0.00000006641032  0.08136528 0
 0.00000007244762  0.08261686 0
 0.00000007848493  0.08386844 0
 0.00000008452223  0.08512002 0
 0.00000009055953  0.08637161 0
 0.00000009659683  0.08762319 0
 0.00000010263414  0.08887477 0
 0.00000010867144  0.09012635 0
 0.00000011470874  0.09137794 0
 0.00000012074604  0.09262952 0
 0.00000012678334  0.09388110 0
 0.00000013282065  0.09513268 0
 0.00000013885795  0.09638426 0
 0.00000014489525  0.09763584 0
 0.00000015093255  0.09888742 0
 0.00000015696985  0.10013901 0
 0.00000016300716  0.10139059 0
 0.00000016904446  0.10264217 0
 0.00000017508176  0.10389375 0
 0.00000018111906  0.10514533 0
 0.00000018715636  0.10639691 0
 0.00000019319367  0.10764849 0
 0.00000019923097  0.10890007 0
 0.00000020526827  0.11015165 0
 0.00000021130557  0.11140323 0
 0.00000021734287  0.11265481 0
 0.00000022338018  0.11390638 0
 0.00000022941748  0.11515796 0
 0.00000023545478  0.11640954 0
 0.00000024149208  0.11766112 0
 0.00000024752939  0.11891269 0
 0.00000025356669  0.12016427 0
 0.00000025960399  0.12141585 0
 0.00000026564129  0.12266742 0
 0.00000027167859  0.12391900 0
 0.00000027771590  0.12517058 0
 0.00000028375320  0.12642215 0
 0.00000028979050  0.12767373 0
 0.00000029582780  0.12892530 0
 0.00000030186510  0.13017687 0
 0.00000030790241  0.13142845 0
 0.00000031393971  0.13268002 0
 0.00000031997701  0.13393159 0
 0.00000032601431  0.13518317 0
 0.00000033205161  0.13643474 0
 0.00000033808892  0.13768631 0
 0.00000034412622  0.13893789 0
 0.00000035016352  0.14018946 0
 0.00000035620082  0.14144103 0
 0.00000036223812  0.14269260 0
 0.00000036827543  0.14394418 0
 0.00000037431273  0.14519575 0
 0.00000038035003  0.14644732 0
 0.00000038638733  0.14769889 0
 0.00000039242463  0.14895046 0
 0.00000039846194  0.15020203 0
 0.00000040449924  0.15081578 1
 0.00000117727390  0.22899158 0
 0.00000118934851  0.22945273 0
 0.00000120142311  0.22991387 0
 0.00000121349772  0.23037502 0
 0.00000123160962  0.23106673 0
 0.00000124972153  0.23175844 0
 0.00000126783344  0.23245015 0
 0.00000128594534  0.23314186 0
 0.00000130405725  0.23383357 0
 0.00000132216915  0.23452528 0
 0.00000134028106  0.23521698 0
 0.00000135839297  0.23590869 0
 0.00000137650487  0.23660040 0
 0.00000139461678  0.23729210 0
 0.00000141272869  0.23798381 0
 0.00000143084059  0.23867551 0
 0.00000144895250  0.23936721 0
 0.00000146706440  0.23998527 0
 0.00000148517631  0.24045605 0
 0.00000150328822  0.24092683 0
 0.00000152140012  0.24134490 0
 0.00000153951203  0.24173661 0
 0.00000155762394  0.24212833 0
 0.00000157573584  0.24252005 0
 0.00000159384775  0.24291177 0
 0.00000161195965  0.24330348 0
 0.00000163007156  0.24369520 0
 0.00000164818347  0.24408691 0
 0.00000166629537  0.24447863 0
 0.00000168440728  0.24487035 0
 0.00000170251919  0.24526206 0
 0.00000172063109  0.24565378 0
 0.00000173874300  0.24604549 0
 0.00000175685490  0.24643720 0
 0.00000177496681  0.24682892 0
 0.00000179307872  0.24722063 0
 0.00000181119062  0.24761235 0
 0.00000183533983  0.24813463 0
 0.00000185948904  0.24865691 0
 0.00000188363825  0.24917919 0
 0.00000190778746  0.24969972 0
 0.00000193193666  0.25021848 0
 0.00000195608587  0.25073724 0
 0.00000198023508  0.25125601 0
 0.00000200438429  0.25177477 0
 0.00000202853350  0.25229353 0
 0.00000205268271  0.25281229 0
 0.00000207683191  0.25333105 0
 0.00000210098112  0.25384982 0
 0.00000212513033  0.25436858 0
 0.00000214927954  0.25488734 0
 0.00000217342875  0.25540610 0
 0.00000219757796  0.25592486 0
 0.00000222172716  0.25644362 0
 0.00000224587637  0.25696239 0
 0.00000227002558  0.25748115 0
 0.00000229417479  0.25799991 0
 0.00000231832400  0.25851867 0
 0.00000234247320  0.25903743 0
 0.00000236662241  0.25955619 0
 0.00000239077162  0.26007495 0
 0.00000241492083  0.26059371 0
 0.00000244510734  0.26124216 0
 0.00000247529385  0.26189061 0
 0.00000250548036  0.26253906 0
 0.00000253566687  0.26318751 0
 0.00000256585338  0.26383596 0
 0.00000259603989  0.26448441 0
 0.00000262622640  0.26513287 0
 0.00000265641291  0.26578132 0
 0.00000268659942  0.26642977 0
 0.00000271678593  0.26707821 0
 0.00000274697244  0.26772666 0
 0.00000277715895  0.26837511 0
 0.00000280734546  0.26902356 0
 0.00000283753198  0.26967201 0
 0.00000286771849  0.27032046 0
 0.00000289790500  0.27096891 0
 0.00000292809151  0.27161736 0
 0.00000295827802  0.27226581 0
 0.00000298846453  0.27291426 0
 0.00000301865104  0.27356271 0
 0.00000305487485  0.27434085 0
 0.00000309109866  0.27511899 0
 0.00000312732247  0.27589712 0
 0.00000316354629  0.27667526 0
 0.00000319977010  0.27745340 0
 0.00000323599391  0.27823154 0
 0.00000327221772  0.27900968 0
 0.00000330844154  0.27978781 0
 0.00000334466535  0.28056595 0
 0.00000338088916  0.28134409 0
 0.00000341711297  0.28212223 0
 0.00000345333679  0.28290036 0
 0.00000348956060  0.28367850 0
 0.00000352578441  0.28445664 0
 0.00000356200822  0.28523477 0
 0.00000359823204  0.28601291 0
 0.00000363445585  0.28679105 0
 0.00000367671696  0.28769887 0
 0.00000371897808  0.28860670 0
 0.00000376123919  0.28951452 0
 0.00000380350031  0.29042235 0
 0.00000384576142  0.29133017 0
 0.00000388802254  0.29223800 0
 0.00000393028365  0.29314582 0
 0.00000397254477  0.29405365 0
 0.00000401480588  0.29496147 0
 0.00000405706699  0.29586929 0
 0.00000409932811  0.29677712 0
 0.00000414158922  0.29768494 0
 0.00000418385034  0.29859276 0
 0.00000422611145  0.29939506 0
 0.00000427440987  0.30001050 0
 0.00000432270829  0.30062593 0
 0.00000437100670  0.30124136 0
 0.00000441930512  0.30185679 0
 0.00000446760354  0.30247222 0
 0.00000451590195  0.30308765 0
 0.00000456420037  0.30370308 0
 0.00000461249878  0.30431851 0
 0.00000466079720  0.30493394 0
 0.00000470909562  0.30554936 0
 0.00000475739403  0.30616479 0
 0.00000480569245  0.30678022 0
 0.00000485399087  0.30739564 0
 0.00000490832659  0.30808800 0
 0.00000496266231  0.30878035 0
 0.00000501699802  0.30947271 0
 0.00000507133374  0.31016506 0
 0.00000512566946  0.31085741 0
 0.00000518000518  0.31154977 0
 0.00000523434090  0.31224212 0
 0.00000528867662  0.31293447 0
 0.00000534301234  0.31362682 0
 0.00000539734805  0.31431194 0
 0.00000545168377  0.31498803 0
 0.00000551205679  0.31573924 0
 0.00000557242981  0.31646768 0
 0.00000563280284  0.31699125 0
 0.00000569317586  0.31751482 0
 0.00000575354888  0.31803839 0
 0.00000581392190  0.31856195 0
 0.00000587429492  0.31908552 0
 0.00000593466794  0.31960908 0
 0.00000599504096  0.32012593 0
 0.00000605541398  0.32063990 0
 0.00000612182430  0.32120526 0
 0.00000618823463  0.32177063 0
 0.00000625464495  0.32233599 0
 0.00000632105527  0.32290136 0
 0.00000638746559  0.32346672 0
 0.00000645387592  0.32403208 0
 0.00000652028624  0.32459745 0
 0.00000658669656  0.32516281 0
 0.00000665310689  0.32572817 0
 0.00000672555451  0.32634493 0
 0.00000679800214  0.32696168 0
 0.00000687044976  0.32757844 0
 0.00000694289739  0.32819520 0
 0.00000701534501  0.32881195 0
 0.00000708779264  0.32942871 0
 0.00000716024026  0.32999932 0
 0.00000723268789  0.33054686 0
 0.00000731117281  0.33114002 0
 0.00000738965774  0.33173319 0
 0.00000746814267  0.33232635 0
 0.00000754662759  0.33291952 0
 0.00000762511252  0.33351268 0
 0.00000770359745  0.33408577 0
 0.00000778208237  0.33454849 0
 0.00000786056730  0.33501120 0
 0.00000794508953  0.33550951 0
 0.00000802961176  0.33600781 0
 0.00000811413399  0.33650611 0
 0.00000819865622  0.33700442 0
 0.00000828317845  0.33750272 0
 0.00000836770068  0.33800102 0
 0.00000845222290  0.33849932 0
 0.00000854278244  0.33903322 0
 0.00000863334197  0.33956711 0
 0.00000872390150  0.34010101 0
 0.00000881446103  0.34063490 0
 0.00000890502056  0.34116880 0
 0.00000899558009  0.34170269 0
 0.00000908613962  0.34223658 0
 0.00000918273646  0.34280607 0
 0.00000927933329  0.34337556 0
 0.00000937593012  0.34394504 0
 0.00000947252696  0.34451453 0
 0.00000956912379  0.34508401 0
 0.00000966572062  0.34565349 0
 0.00000976835476  0.34625857 0
 0.00000987098889  0.34686364 0
 0.00000997362303  0.34746872 0
 0.00001007625716  0.34804001 0
 0.00001017889130  0.34859288 0
 0.00001028152543  0.34914575 0
 0.00001039019687  0.34973114 0
 0.00001049886831  0.35031652 0
 0.00001060753975  0.35089981 0
 0.00001071621118  0.35147258 0
 0.00001082488262  0.35204536 0
 0.00001093959136  0.35264995 0
 0.00001105430010  0.35325454 0
 0.00001116900884  0.35385914 0
 0.00001128371758  0.35446373 0
 0.00001139842632  0.35506832 0
 0.00001151313506  0.35567291 0
 0.00001163388110  0.35630932 0
 0.00001175462714  0.35694574 0
 0.00001187537318  0.35758215 0
 0.00001199611922  0.35821856 0
 0.00001211686526  0.35885497 0
 0.00001224364861  0.35952320 0
 0.00001237043195  0.36019143 0
 0.00001249721529  0.36085966 0
 0.00001262399864  0.36152789 0
 0.00001275681928  0.36222794 0
 0.00001288963993  0.36292798 0
 0.00001302246057  0.36360728 0
 0.00001315528122  0.36428329 0
 0.00001328810187  0.36495931 0
 0.00001342695981  0.36566605 0
 0.00001356581776  0.36637279 0
 0.00001370467571  0.36707953 0
 0.00001384353366  0.36778626 0
 0.00001398842891  0.36852373 0
 0.00001413332416  0.36926027 0
 0.00002353944079  0.41544089 0
 0.00002378093287  0.41660837 0
 0.00002402242495  0.41777583 0
 0.00002426391704  0.41894330 0
 0.00002451144642  0.42013995 0
 0.00002475897581  0.42132683 0
 0.00002501254250  0.42251537 0
 0.00002526610918  0.42367587 0
 0.00002552571317  0.42485382 0
 0.00002578531716  0.42603177 0
 0.00002604492115  0.42720971 0
 0.00002631056244  0.42839037 0
 0.00002657620373  0.42950524 0
 0.00002684788233  0.43064545 0
 0.00002711956092  0.43178566 0
 0.00002739727681  0.43295121 0
 0.00002767499271  0.43411675 0
 0.00002795874591  0.43530763 0
 0.00002824249910  0.43649851 0
 0.00002853228960  0.43771472 0
 0.00003629022277  0.46565051 0
 0.00003665849820  0.46687206 0
 0.00003703281093  0.46811362 0
 0.00003740712365  0.46935518 0
 0.00004223092801  0.48453216 0
 0.00004265957646  0.48582247 0
 0.00004309426221  0.48713095 0
 0.00004352894796  0.48843943 0
 0.00004396967101  0.48976608 0
 0.00004441643136  0.49111089 0
 0.00004486319172  0.49232914 0
 0.00004531598937  0.49351303 0
 0.00004577482433  0.49471270 0
 0.00004623969659  0.49592816 0
 0.00004670456885  0.49714361 0
 0.00004717547841  0.49837485 0
 0.00004765242527  0.49962187 0
 0.00004813540944  0.50088468 0
 0.00004862443091  0.50216327 0
 0.00004911345238  0.50344185 0
 0.00004960851115  0.50464915 0
 0.00005010960722  0.50585752 0
 0.00005061674059  0.50708044 0
 0.00005112991127  0.50831792 0
 0.00005164911925  0.50955731 0
 0.00005216832723  0.51076585 0
 0.00005269357251  0.51198844 0
 0.00005322485509  0.51322508 0
 0.00005376217497  0.51447577 0
 0.00005382254800  0.51461590 2
 0.00005845919599  0.52510630 0
 0.00005905085159  0.52628243 0
 0.00007314191463  0.55159784 0
 0.00007387846549  0.55283234 0
 0.00007462105364  0.55407356 0
 0.00007537571640  0.55533055 0
 0.00007613641646  0.55659759 0
 0.00007690315383  0.55783250 0
 0.00008183562962  0.56488332 0
 0.00008266274001  0.56596864 0
 0.00008349588769  0.56706188 0
 0.00008433507268  0.56816273 0
 0.00008518633227  0.56927836 0
 0.00008604362917  0.57040189 0
 0.00008724505228  0.57189117 0
 0.00008812649838  0.57277764 0
 0.00008901398179  0.57367018 0
 0.00009420002427  0.57886586 0
 0.00009514788070  0.57975754 0
 0.00009610781173  0.58066057 0
 0.00009707378006  0.58156929 0
 0.00009805182299  0.58248935 0
 0.00010347332026  0.58755033 0
 0.00010451777352  0.58852385 0
 0.00010556826408  0.58950298 0
 0.00011100787325  0.59445269 0
 0.00011212477413  0.59539629 0
 0.00011325374962  0.59635007 0
 0.00011439479971  0.59729890 0
 0.00011738326424  0.59972283 0
 0.00011856657544  0.60067848 0
 0.00012897488422  0.60886177 0
 0.00013027290417  0.60984004 0
 0.00013361153221  0.61220809 0
 0.00014781126669  0.62168003 0
 0.00017157408766  0.63540526 0
 0.00017330075605  0.63629400 0
 0.00022489553958  0.66112016 0
 0.00022715952786  0.66206373 0
 0.00023368585140  0.66465637 0
 0.00027780645496  0.68013861 0
 0.00029403472294  0.68528355 0
 0.00038251742214  0.70845535 0
 0.00045206714204  0.72413831 0
 0.00047988703000  0.72944101 3
 0.00066380740040  0.75785872 0
 0.00071539010933  0.76439927 0
 0.00110680047743  0.80444794 0
 0.00132588209511  0.82133545 0
 0.00141745589298  0.82720235 0
 0.00154612287479  0.83483297 0
 0.00473671627518  0.91010415 4
 0.00479950421675  0.91082973 0
 0.00479954647787  0.91083022 0
 0.05631116617131  0.99143279 5
 0.20858948096710  0.99934720 6
 0.29146768020894  0.99977564 1
 0.29434469010227  0.99978332 6
 0.29540706207373  0.99978608 2
 0.29575205162618  0.99978696 5
 0.29577335726520  0.99978702 3
 0.29577900214264  0.99970000 4
