 0.00000000603730  0.01973576 0
 0.00000001207460  0.03947153 0
 0.00000001811191  0.04254314 0
 0.00000002414921  0.04561475 0
 0.00000003018651  0.04868636 0
 0.00000003622381  0.05175797 0
 0.00000004226111  0.05482958 0
 0.00000004829842  0.05790119 0
 0.00000005433572  0.06097280 0
 0.00000006037302  0.06404441 0
 0.00000006641032  0.06711602 0
 0.00000007244762  0.07018763 0
 0.00000007848493  0.07325924 0
 0.00000008452223  0.07633085 0
 0.00000009055953  0.07940246 0
 0.00000009659683  0.08247407 0
 0.00000010263414  0.08554568 0
 0.00000010867144  0.08861729 0
 0.00000011470874  0.09168890 0
 0.00000012074604  0.09476051 0
 0.00000012678334  0.09783212 0
 0.00000013282065  0.10090373 0
 0.00000013885795  0.10397534 0
 0.00000014489525  0.10704695 0
 0.00000015093255  0.11011856 0
 0.00000015696985  0.11319017 0
 0.00000016300716  0.11626178 0
 0.00000016904446  0.11933339 0
 0.00000017508176  0.12240500 0
 0.00000018111906  0.12547661 0
 0.00000018715636  0.12854822 0
 0.00000019319367  0.13161983 0
 0.00000019923097  0.13469144 0
 0.00000020526827  0.13776305 0
 0.00000021130557  0.13934984 0
 0.00000021734287  0.14093663 0
 0.00000022338018  0.14252343 0
 0.00000022941748  0.14411022 0
 0.00000023545478  0.14569701 0
 0.00000024149208  0.14728380 0
 0.00000024752939  0.14887060 0
 0.00000025356669  0.15045739 0
 0.00000025960399  0.15204418 0
 0.00000026564129  0.15363097 0
 0.00000027167859  0.15521777 0
 0.00000027771590  0.15680456 0
 0.00000028375320  0.15839135 0
 0.00000028979050  0.15997814 0
 0.00000029582780  0.16156494 0
 0.00000030186510  0.16315173 0
 0.00000030790241  0.16473852 0
 0.00000031393971  0.16632531 0
 0.00000031997701  0.16791210 0
 0.00000032601431  0.16949890 0
 0.00000033205161  0.17108569 0
 0.00000033808892  0.17267248 0
 0.00000034412622  0.17425927 0
 0.00000035016352  0.17584607 0
 0.00000035620082  0.17743286 0
 0.00000036223812  0.17901965 0
 0.00000036827543  0.18060644 0
 0.00000037431273  0.18219324 0
 0.00000038035003  0.18378003 0
 0.00000038638733  0.18536682 0
 0.00000039242463  0.18695361 0
 0.00000039846194  0.18854041 0
 0.00000040449924  0.18971576 0
 0.00000041053654  0.19089112 0
 0.00000041657384  0.19206647 0
 0.00000042261115  0.19324183 0
 0.00000042864845  0.19441718 0
 0.00000043468575  0.19559254 0
 0.00000044072305  0.19676789 0
 0.00000044676035  0.19794325 0
 0.00000045279766  0.19911860 0
 0.00000045883496  0.20029396 0
 0.00000046487226  0.20146931 0
 0.00000047090956  0.20264467 0
 0.00000047694686  0.20382002 0
 0.00000048298417  0.20499538 0
 0.00000048902147  0.20617073 0
 0.00000049505877  0.20734609 0
 0.00000050109607  0.20852145 0
 0.00000050713337  0.20969680 0
 0.00000051317068  0.21087216 0
 0.00000051920798  0.21204751 0
 0.00000052524528  0.21322287 0
 0.00000053128258  0.21439822 0
 0.00000053731988  0.21557358 0
 0.00000054335719  0.21674893 0
 0.00000054939449  0.21792429 0
 0.00000055543179  0.21909964 0
 0.00000056146909  0.22027500 0
 0.00000056750640  0.22145035 0
 0.00000057354370  0.22262571 0
 0.00000057958100  0.22380106 0
 0.00000058561830  0.22497642 0
 0.00000059165560  0.22615178 0
 0.00000059769291  0.22722645 0
 0.00000060373021  0.22830113 0
 0.00000060976751  0.22937581 0
 0.00000062184211  0.23152517 0
 0.00000063391672  0.23367453 0
 0.00000064599132  0.23582388 0
 0.00000065806593  0.23797324 0
 0.00000067014053  0.24012260 0
 0.00000068221513  0.24227196 0
 0.00000069428974  0.24394668 0
 0.00000070636434  0.24514678 0
 0.00000071843895  0.24634688 0
 0.00000073051355  0.24754698 0
 0.00000074258816  0.24874708 0
 0.00000075466276  0.24994717 0
 0.00000076673736  0.25114727 0
 0.00000077881197  0.25234737 0
 0.00000079088657  0.25354747 0
 0.00000080296118  0.25474756 0
 0.00000081503578  0.25594766 0
 0.00000082711038  0.25714776 0
 0.00000083918499  0.25834786 0
 0.00000085125959  0.25954796 0
 0.00000086333420  0.26074805 0
 0.00000087540880  0.26194815 0
 0.00000088748340  0.26308238 1
 0.00000127387074  0.29726938 0
 0.00000129198264  0.29887031 0
 0.00000131009455  0.30047124 0
 0.00000132820646  0.30207217 0
 0.00000134631836  0.30367309 0
 0.00000136443027  0.30527402 0
 0.00000138254218  0.30687495 0
 0.00000140065408  0.30847588 0
 0.00000141876599  0.31007681 0
 0.00000143687789  0.31167774 0
 0.00000145498980  0.31327867 0
 0.00000147310171  0.31485745 0
 0.00000149121361  0.31642517 0
 0.00000150932552  0.31799288 0
 0.00000152743742  0.31956060 0
 0.00000154554933  0.32112831 0
 0.00000156366124  0.32261662 0
 0.00000158177314  0.32394610 0
 0.00000159988505  0.32527558 0
 0.00000161799696  0.32660506 0
 0.00000163610886  0.32793454 0
 0.00000165422077  0.32926402 0
 0.00000167233267  0.33059350 0
 0.00000169044458  0.33192299 0
 0.00000170855649  0.33325247 0
 0.00000172666839  0.33458195 0
 0.00000174478030  0.33591143 0
 0.00000176289221  0.33720955 0
 0.00000178100411  0.33849199 0
 0.00000179911602  0.33977442 0
 0.00000181722792  0.34105686 0
 0.00000184137713  0.34276678 0
 0.00000186552634  0.34447669 0
 0.00000188967555  0.34618661 0
 0.00000191382476  0.34789653 0
 0.00000193797397  0.34960644 0
 0.00000196212317  0.35115567 0
 0.00000198627238  0.35265134 0
 0.00000201042159  0.35414701 0
 0.00000203457080  0.35564268 0
 0.00000205872001  0.35713835 0
 0.00000208286922  0.35863401 0
 0.00000210701842  0.36012968 0
 0.00000213116763  0.36162535 0
 0.00000215531684  0.36312102 0
 0.00000217946605  0.36461669 0
 0.00000220361526  0.36611235 0
 0.00000222776447  0.36760802 0
 0.00000225191367  0.36910369 0
 0.00000227606288  0.37059936 0
 0.00000230021209  0.37209503 0
 0.00000232436130  0.37359070 0
 0.00000234851051  0.37503539 0
 0.00000237265972  0.37646309 0
 0.00000239680892  0.37789080 0
 0.00000242095813  0.37931850 0
 0.00000245114464  0.38110313 0
 0.00000248133115  0.38288776 0
 0.00000251151766  0.38467239 0
 0.00000254170417  0.38637571 0
 0.00000257189068  0.38802482 0
 0.00000260207719  0.38967394 0
 0.00000263226370  0.39132305 0
 0.00000266245021  0.39297216 0
 0.00000269263673  0.39462127 0
 0.00000272282324  0.39625766 0
 0.00000275300975  0.39784316 0
 0.00000278319626  0.39942865 0
 0.00000281338277  0.40101415 0
 0.00000284356928  0.40259965 0
 0.00000287375579  0.40418514 0
 0.00000290394230  0.40577064 0
 0.00000293412881  0.40735614 0
 0.00000296431532  0.40894163 0
 0.00000299450183  0.41052713 0
 0.00000302468834  0.41211262 0
 0.00000306091215  0.41401522 0
 0.00000309713596  0.41591781 0
 0.00000313335978  0.41765587 0
 0.00000316958359  0.41936101 0
 0.00000320580740  0.42106615 0
 0.00000324203121  0.42277129 0
 0.00000327825503  0.42447643 0
 0.00000331447884  0.42603639 0
 0.00000335070265  0.42742217 0
 0.00000338692646  0.42866301 0
 0.00000342315028  0.42990386 0
 0.00000345937409  0.43114471 0
 0.00000349559790  0.43238555 0
 0.00000353182171  0.43362640 0
 0.00000356804553  0.43482639 0
 0.00000360426934  0.43601822 0
 0.00000364049315  0.43721005 0
 0.00000368275427  0.43860051 0
 0.00000372501538  0.43999097 0
 0.00000376727649  0.44138144 0
 0.00000380953761  0.44277190 0
 0.00000385179872  0.44416237 0
 0.00000389405984  0.44555283 0
 0.00000393632095  0.44686000 0
 0.00000397858207  0.44795891 0
 0.00000402084318  0.44905781 0
 0.00000406310430  0.45015672 0
 0.00000410536541  0.45125563 0
 0.00000414762653  0.45235454 0
 0.00000418988764  0.45345345 0
 0.00000423214875  0.45455236 0
 0.00000428044717  0.45580826 0
 0.00000432874559  0.45699775 0
 0.00000437704400  0.45807658 0
 0.00000442534242  0.45915540 0
 0.00000447364084  0.46023423 0
 0.00000452193925  0.46130292 0
 0.00000457023767  0.46235473 0
 0.00000461853609  0.46340654 0
 0.00000466683450  0.46445834 0
 0.00000471513292  0.46551015 0
 0.00000476343134  0.46656196 0
 0.00000481172975  0.46761377 0
 0.00000486002817  0.46866557 0
 0.00000566902665  0.48591197 0
 0.00000572939967  0.48712418 0
 0.00000578977269  0.48833639 0
 0.00000585014571  0.48954860 0
 0.00000591051873  0.49063504 0
 0.00000597089175  0.49169714 0
 0.00000603126477  0.49273504 0
 0.00000609767510  0.49387673 0
 0.00000616408542  0.49501634 0
 0.00000623049574  0.49615038 0
 0.00000629690606  0.49728443 0
 0.00000636331639  0.49841848 0
 0.00000642972671  0.49955252 0
 0.00000649613703  0.50068657 0
 0.00000656254736  0.50181730 0
 0.00000662895768  0.50294406 0
 0.00000670140530  0.50417325 0
 0.00000866352848  0.53254971 0
 0.00000875408801  0.53380261 0
 0.00000884464754  0.53505551 0
 0.00000893520707  0.53630841 0
 0.00000902576660  0.53756131 0
 0.00000982269048  0.54829712 0
 0.00000992532461  0.54967325 0
 0.00001156143347  0.57115090 0
 0.00001168217951  0.57269393 0
 0.00001180292556  0.57423695 0
 0.00001192367160  0.57577998 0
 0.00001204441764  0.57730647 0
 0.00001217120098  0.57890621 0
 0.00001229798433  0.58050595 0
 0.00001310698280  0.59070524 0
 0.00001323980345  0.59225967 0
 0.00001337866140  0.59381663 0
 0.00001426614480  0.60323093 0
 0.00001441104005  0.60474956 0
 0.00001455593530  0.60626820 0
 0.00001470686785  0.60781860 0
 0.00001485780041  0.60931197 0
 0.00001500873296  0.61073375 0
 0.00001515966551  0.61215553 0
 0.00001531663536  0.61358850 0
 0.00001547360522  0.61498797 0
 0.00001755043713  0.63160538 0
 0.00001773155619  0.63297602 0
 0.00001791267526  0.63431214 0
 0.00001834736100  0.63726614 0
 0.00001853451737  0.63852328 0
 0.00001872167373  0.63978042 0
 0.00002221123433  0.66199735 0
 0.00002243461451  0.66329003 0
 0.00002266403199  0.66461020 0
 0.00002289344947  0.66591424 0
 0.00002312890425  0.66722409 0
 0.00002336435903  0.66851798 0
 0.00002375678366  0.67051687 0
 0.00002472275200  0.67518608 0
 0.00002497631868  0.67639603 0
 0.00002549552666  0.67885407 0
 0.00002575513065  0.68002908 0
 0.00002742746332  0.68754307 0
 0.00002770517922  0.68873654 0
 0.00002974578732  0.69730173 0
 0.00003004765243  0.69854373 0
 0.00003035555483  0.69980312 0
 0.00003283688598  0.70956778 0
 0.00003316893760  0.71083325 0
 0.00003350702651  0.71210373 0
 0.00003384511543  0.71333078 0
 0.00003418924165  0.71454784 0
 0.00003515520998  0.71777660 0
 0.00003551141080  0.71894906 0
 0.00003901908331  0.72951301 0
 0.00004017824531  0.73287708 2
 0.00004288295664  0.74055075 0
 0.00004462169963  0.74527286 0
 0.00004507449729  0.74647087 0
 0.00005215625262  0.76386817 0
 0.00005350860829  0.76700866 0
 0.00005405196547  0.76825410 0
 0.00005833844995  0.77721791 0
 0.00006220232327  0.78485341 0
 0.00006529342194  0.79052442 0
 0.00006645258394  0.79249799 0
 0.00006993006993  0.79799678 0
 0.00007186200659  0.80091655 0
 0.00007350415276  0.80328017 0
 0.00007447012109  0.80461699 0
 0.00007521874655  0.80561328 0
 0.00007891357542  0.81026330 0
 0.00007987954375  0.81143945 0
 0.00008181148041  0.81377301 0
 0.00008297064241  0.81516485 0
 0.00008722090307  0.81989206 0
 0.00008992561440  0.82272444 0
 0.00009137456690  0.82417926 0
 0.00009427247189  0.82700795 0
 0.00009697718322  0.82958577 0
 0.00009832953889  0.83082299 0
 0.00010934157787  0.83973260 0
 0.00011494419420  0.84379456 0
 0.00012499026485  0.85030985 0
 0.00013426356084  0.85576081 0
 0.00014836669848  0.86318824 0
 0.00017811852311  0.87630662 0
 0.00019550595308  0.88304920 0
 0.00021250699572  0.88924534 0
 0.00022718971437  0.89432646 0
 0.00023066720036  0.89547211 0
 0.00023916772169  0.89816766 0
 0.00024747504934  0.90069468 0
 0.00024996241779  0.90143152 0
 0.00025443002133  0.90271220 0
 0.00025752111999  0.90358470 0
 0.00026911273998  0.90671058 0
 0.00027896561696  0.90920756 0
 0.00028177296243  0.90989891 0
 0.00029152320528  0.91220014 0
 0.00029886456460  0.91381386 0
 0.00030891063525  0.91588795 0
 0.00031258131491  0.91661843 0
 0.00032494570956  0.91895791 0
 0.00033943523454  0.92153760 0
 0.00035604988985  0.92425258 0
 0.00037266454516  0.92677660 0
 0.00037662501532  0.92735187 0
 0.00041024071327  0.93194228 0
 0.00041661610426  0.93276162 0
 0.00042820772425  0.93423484 0
 0.00043477630890  0.93503795 0
 0.00045177735154  0.93699156 0
 0.00046163022853  0.93807287 0
 0.00048307472550  0.94031590 0
 0.00049099566582  0.94111304 3
 0.00052113387778  0.94397172 0
 0.00054064643808  0.94566983 0
 0.00054702182907  0.94619552 0
 0.00056363648438  0.94751648 0
 0.00061309406298  0.95118060 0
 0.00063241342962  0.95251323 0
 0.00067849011905  0.95547424 0
 0.00069974142235  0.95676603 0
 0.00072504979265  0.95819355 0
 0.00073934612396  0.95894553 0
 0.00074746025795  0.95935825 0
 0.00077373459658  0.96061965 0
 0.00081198694252  0.96228056 0
 0.00088192304976  0.96490207 0
 0.00091128848705  0.96587555 0
 0.00092249371970  0.96622742 0
 0.00102836384888  0.96921192 0
 0.00104575127885  0.96964412 0
 0.00109173137145  0.97073588 0
 0.00128608419984  0.97471192 0
 0.00134848575408  0.97582523 0
 0.00136239569806  0.97606225 0
 0.00140625066033  0.97678361 0
 0.00148024383456  0.97793968 0
 0.00152081450450  0.97853730 0
 0.00166339143029  0.98044745 0
 0.00169855267757  0.98087999 0
 0.00171787204421  0.98111081 0
 0.00175110135483  0.98149798 0
 0.00187802959365  0.98286321 0
 0.00204746043907  0.98449285 0
 0.00211333947931  0.98507580 0
 0.00225282530644  0.98620879 0
 0.00227832687040  0.98640068 0
 0.00250088597408  0.98788505 0
 0.00256212836632  0.98824333 0
 0.00264742337003  0.98871463 0
 0.00278149977451  0.98939249 0
 0.00289007461502  0.98988446 0
 0.00302337824482  0.99042855 0
 0.00308230231307  0.99065420 0
 0.00313678292699  0.99085407 4
 0.00326158603548  0.99128823 0
 0.00345593886386  0.99190730 0
 0.00391999005053  0.99312871 0
 0.00396104370463  0.99322184 0
 0.00400895573390  0.99332769 0
 0.00434279438941  0.99400768 0
 0.00448537131521  0.99426717 0
 0.00464243776598  0.99453124 0
 0.00494517224121  0.99497497 0
 0.00516889050689  0.99525880 0
 0.00526007791742  0.99536568 0
 0.00545288519647  0.99557907 0
 0.00554851606134  0.99567831 0
 0.00566906890916  0.99579815 0
 0.00651487078061  0.99651085 0
 0.00662846865644  0.99659330 0
 0.00730116900280  0.99703492 0
 0.00769489769490  0.99726013 0
 0.00912568998816  0.99792253 0
 0.00923851508933  0.99796559 0
 0.01010324994008  0.99825920 0
 0.01051359328749  0.99837719 0
 0.01108723358141  0.99852268 0
 0.01183334752099  0.99868504 0
 0.01224813432273  0.99876398 0
 0.01361865019208  0.99897694 5
 0.01393201031896  0.99901758 0
 0.01500964459006  0.99914089 0
 0.01570900566239  0.99921020 0
 0.01790040142021  0.99938303 0
 0.01808664011461  0.99939500 0
 0.01869037032207  0.99943144 0
 0.02288750272433  0.99961499 0
 0.02354648632038  0.99963622 0
 0.02499505243095  0.99967769 0
 0.02579004436813  0.99969813 0
 0.02745943083938  0.99973614 0
 0.03052869861728  0.99979243 0
 0.03536665441094  0.99985501 0
 0.03701633512822  0.99987053 0
 0.03812294844929  0.99987965 0
 0.03928983819427  0.99988823 0
 0.03971563703498  0.99989112 0
 0.04312705079605  0.99991097 6
 0.04455591115265  0.99991793 0
 0.04901540055386  0.99993565 0
 0.04953412554811  0.99993739 0
 0.05401486625263  0.99995023 0
 0.06006955575720  0.99996269 0
 0.06269042103541  0.99996685 0
 0.07722418736405  0.99998220 0
 0.08551026371539  0.99998724 0
 0.09323298733555  0.99999049 0
 0.10638677130519  0.99999397 7
 0.12161506886449  0.99999629 0
 0.12290656852428  0.99999644 0
 0.12290694887431  0.99999644 0
 0.14152540889138  0.99999795 7
 0.14658515101406  0.99999823 1
 0.14694526400820  0.99999825 6
 0.14696342421284  0.99999825 2
 0.14697347028349  0.99999825 5
 0.14697501583282  0.99999825 4
 0.14697529354872  0.99999825 3
