-15.000000    0.006337  0.001425  0.004911 
-14.984992    0.006380  0.001427  0.004952 
-14.969985    0.006426  0.001430  0.004996 
-14.954977    0.006476  0.001432  0.005044 
-14.939970    0.006531  0.001434  0.005097 
-14.924962    0.006592  0.001437  0.005155 
-14.909955    0.006657  0.001439  0.005219 
-14.894947    0.006728  0.001441  0.005287 
-14.879940    0.006803  0.001444  0.005360 
-14.864932    0.006881  0.001446  0.005436 
-14.849925    0.006961  0.001448  0.005513 
-14.834917    0.007042  0.001451  0.005592 
-14.819910    0.007123  0.001453  0.005670 
-14.804902    0.007204  0.001455  0.005749 
-14.789895    0.007284  0.001458  0.005827 
-14.774887    0.007363  0.001460  0.005903 
-14.759880    0.007437  0.001462  0.005975 
-14.744872    0.007507  0.001465  0.006042 
-14.729865    0.007568  0.001467  0.006101 
-14.714857    0.007621  0.001469  0.006151 
-14.699850    0.007662  0.001472  0.006190 
-14.684842    0.007693  0.001474  0.006219 
-14.669835    0.007715  0.001477  0.006238 
-14.654827    0.007729  0.001479  0.006250 
-14.639820    0.007737  0.001481  0.006256 
-14.624812    0.007739  0.001484  0.006256 
-14.609805    0.007735  0.001486  0.006249 
-14.594797    0.007723  0.001489  0.006234 
-14.579790    0.007703  0.001491  0.006212 
-14.564782    0.007678  0.001494  0.006185 
-14.549775    0.007650  0.001496  0.006154 
-14.534767    0.007621  0.001498  0.006123 
-14.519760    0.007597  0.001501  0.006096 
-14.504752    0.007579  0.001503  0.006075 
-14.489745    0.007569  0.001506  0.006063 
-14.474737    0.007570  0.001508  0.006062 
-14.459730    0.007582  0.001511  0.006071 
-14.444722    0.007603  0.001513  0.006090 
-14.429715    0.007632  0.001516  0.006117 
-14.414707    0.007668  0.001518  0.006150 
-14.399700    0.007708  0.001521  0.006187 
-14.384692    0.007749  0.001523  0.006226 
-14.369685    0.007790  0.001526  0.006264 
-14.354677    0.007830  0.001528  0.006302 
-14.339670    0.007869  0.001531  0.006338 
-14.324662    0.007907  0.001533  0.006373 
-14.309655    0.007944  0.001536  0.006408 
-14.294647    0.007982  0.001539  0.006444 
-14.279640    0.008020  0.001541  0.006479 
-14.264632    0.008058  0.001544  0.006515 
-14.249625    0.008096  0.001546  0.006550 
-14.234617    0.008134  0.001549  0.006585 
-14.219610    0.008170  0.001551  0.006618 
-14.204602    0.008203  0.001554  0.006649 
-14.189595    0.008233  0.001557  0.006676 
-14.174587    0.008256  0.001559  0.006697 
-14.159580    0.008274  0.001562  0.006712 
-14.144572    0.008286  0.001564  0.006721 
-14.129565    0.008294  0.001567  0.006727 
-14.114557    0.008302  0.001570  0.006732 
-14.099550    0.008310  0.001572  0.006738 
-14.084542    0.008322  0.001575  0.006747 
-14.069535    0.008339  0.001578  0.006762 
-14.054527    0.008363  0.001580  0.006783 
-14.039520    0.008393  0.001583  0.006810 
-14.024512    0.008430  0.001586  0.006844 
-14.009505    0.008474  0.001588  0.006885 
-13.994497    0.008524  0.001591  0.006933 
-13.979490    0.008582  0.001594  0.006988 
-13.964482    0.008646  0.001596  0.007049 
-13.949475    0.008715  0.001599  0.007116 
-13.934467    0.008788  0.001602  0.007186 
-13.919460    0.008863  0.001605  0.007259 
-13.904452    0.008942  0.001607  0.007335 
-13.889445    0.009024  0.001610  0.007414 
-13.874437    0.009109  0.001613  0.007497 
-13.859430    0.009199  0.001615  0.007584 
-13.844422    0.009294  0.001618  0.007676 
-13.829415    0.009394  0.001621  0.007773 
-13.814407    0.009500  0.001624  0.007876 
-13.799400    0.009611  0.001627  0.007984 
-13.784392    0.009729  0.001629  0.008100 
-13.769385    0.009854  0.001632  0.008222 
-13.754377    0.009988  0.001635  0.008353 
-13.739370    0.010131  0.001638  0.008493 
-13.724362    0.010282  0.001641  0.008642 
-13.709355    0.010438  0.001643  0.008795 
-13.694347    0.010592  0.001646  0.008946 
-13.679340    0.010734  0.001649  0.009085 
-13.664332    0.010852  0.001652  0.009200 
-13.649325    0.010933  0.001655  0.009279 
-13.634317    0.010973  0.001658  0.009316 
-13.619310    0.010974  0.001660  0.009313 
-13.604302    0.010943  0.001663  0.009279 
-13.589295    0.010892  0.001666  0.009226 
-13.574287    0.010834  0.001669  0.009165 
-13.559280    0.010776  0.001672  0.009104 
-13.544272    0.010727  0.001675  0.009053 
-13.529265    0.010692  0.001678  0.009015 
-13.514257    0.010675  0.001681  0.008995 
-13.499250    0.010678  0.001684  0.008994 
-13.484242    0.010699  0.001687  0.009013 
-13.469235    0.010738  0.001689  0.009049 
-13.454227    0.010790  0.001692  0.009098 
-13.439220    0.010852  0.001695  0.009157 
-13.424212    0.010919  0.001698  0.009221 
-13.409205    0.010989  0.001701  0.009287 
-13.394197    0.011059  0.001704  0.009355 
-13.379190    0.011129  0.001707  0.009422 
-13.364182    0.011196  0.001710  0.009485 
-13.349175    0.011253  0.001713  0.009540 
-13.334167    0.011298  0.001716  0.009581 
-13.319160    0.011327  0.001719  0.009607 
-13.304152    0.011343  0.001722  0.009621 
-13.289145    0.011355  0.001725  0.009630 
-13.274137    0.011372  0.001728  0.009644 
-13.259130    0.011402  0.001731  0.009671 
-13.244122    0.011449  0.001734  0.009715 
-13.229115    0.011515  0.001738  0.009777 
-13.214107    0.011596  0.001741  0.009855 
-13.199100    0.011689  0.001744  0.009945 
-13.184092    0.011788  0.001747  0.010041 
-13.169085    0.011888  0.001750  0.010139 
-13.154077    0.011986  0.001753  0.010233 
-13.139070    0.012077  0.001756  0.010321 
-13.124062    0.012158  0.001759  0.010399 
-13.109055    0.012231  0.001762  0.010469 
-13.094047    0.012298  0.001765  0.010533 
-13.079040    0.012364  0.001769  0.010595 
-13.064032    0.012431  0.001772  0.010659 
-13.049025    0.012503  0.001775  0.010729 
-13.034017    0.012582  0.001778  0.010804 
-13.019010    0.012667  0.001781  0.010886 
-13.004002    0.012756  0.001785  0.010972 
-12.988994    0.012848  0.001788  0.011060 
-12.973987    0.012939  0.001791  0.011148 
-12.958979    0.013028  0.001794  0.011234 
-12.943972    0.013116  0.001797  0.011319 
-12.928964    0.013204  0.001801  0.011404 
-12.913957    0.013294  0.001804  0.011490 
-12.898949    0.013387  0.001807  0.011580 
-12.883942    0.013488  0.001810  0.011677 
-12.868934    0.013598  0.001814  0.011784 
-12.853927    0.013722  0.001817  0.011905 
-12.838919    0.013861  0.001820  0.012041 
-12.823912    0.014016  0.001823  0.012193 
-12.808904    0.014184  0.001827  0.012357 
-12.793897    0.014359  0.001830  0.012529 
-12.778889    0.014537  0.001833  0.012703 
-12.763882    0.014710  0.001837  0.012873 
-12.748874    0.014872  0.001840  0.013032 
-12.733867    0.015021  0.001843  0.013177 
-12.718859    0.015156  0.001847  0.013309 
-12.703852    0.015281  0.001850  0.013430 
-12.688844    0.015397  0.001854  0.013544 
-12.673837    0.015508  0.001857  0.013651 
-12.658829    0.015612  0.001860  0.013752 
-12.643822    0.015711  0.001864  0.013848 
-12.628814    0.015810  0.001867  0.013942 
-12.613807    0.015912  0.001871  0.014042 
-12.598799    0.016026  0.001874  0.014152 
-12.583792    0.016156  0.001877  0.014278 
-12.568784    0.016305  0.001881  0.014424 
-12.553777    0.016474  0.001884  0.014590 
-12.538769    0.016662  0.001888  0.014774 
-12.523762    0.016865  0.001891  0.014974 
-12.508754    0.017080  0.001895  0.015185 
-12.493747    0.017298  0.001898  0.015400 
-12.478739    0.017509  0.001902  0.015607 
-12.463732    0.017696  0.001905  0.015791 
-12.448724    0.017835  0.001909  0.015926 
-12.433717    0.017900  0.001912  0.015988 
-12.418709    0.017873  0.001916  0.015957 
-12.403702    0.017749  0.001920  0.015830 
-12.388694    0.017547  0.001923  0.015624 
-12.373687    0.017298  0.001927  0.015372 
-12.358679    0.017036  0.001930  0.015106 
-12.343672    0.016786  0.001934  0.014852 
-12.328664    0.016563  0.001938  0.014625 
-12.313657    0.016372  0.001941  0.014430 
-12.298649    0.016212  0.001945  0.014267 
-12.283642    0.016078  0.001948  0.014129 
-12.268634    0.015960  0.001952  0.014008 
-12.253627    0.015852  0.001956  0.013896 
-12.238619    0.015747  0.001959  0.013787 
-12.223612    0.015645  0.001963  0.013682 
-12.208604    0.015548  0.001967  0.013581 
-12.193597    0.015461  0.001971  0.013490 
-12.178589    0.015384  0.001974  0.013410 
-12.163582    0.015318  0.001978  0.013340 
-12.148574    0.015259  0.001982  0.013277 
-12.133567    0.015202  0.001985  0.013217 
-12.118559    0.015147  0.001989  0.013157 
-12.103552    0.015092  0.001993  0.013099 
-12.088544    0.015038  0.001997  0.013042 
-12.073537    0.014985  0.002001  0.012984 
-12.058529    0.014933  0.002004  0.012928 
-12.043522    0.014884  0.002008  0.012875 
-12.028514    0.014842  0.002012  0.012830 
-12.013507    0.014810  0.002016  0.012795 
-11.998499    0.014793  0.002020  0.012773 
-11.983492    0.014791  0.002024  0.012767 
-11.968484    0.014804  0.002027  0.012776 
-11.953477    0.014830  0.002031  0.012799 
-11.938469    0.014867  0.002035  0.012832 
-11.923462    0.014913  0.002039  0.012874 
-11.908454    0.014965  0.002043  0.012922 
-11.893447    0.015023  0.002047  0.012976 
-11.878439    0.015084  0.002051  0.013033 
-11.863432    0.015142  0.002055  0.013087 
-11.848424    0.015189  0.002059  0.013130 
-11.833417    0.015217  0.002063  0.013154 
-11.818409    0.015223  0.002067  0.013156 
-11.803402    0.015207  0.002071  0.013136 
-11.788394    0.015174  0.002075  0.013099 
-11.773387    0.015133  0.002079  0.013054 
-11.758379    0.015092  0.002083  0.013009 
-11.743372    0.015057  0.002087  0.012970 
-11.728364    0.015030  0.002091  0.012939 
-11.713357    0.015012  0.002095  0.012917 
-11.698349    0.015003  0.002099  0.012904 
-11.683342    0.015003  0.002103  0.012900 
-11.668334    0.015010  0.002107  0.012903 
-11.653327    0.015021  0.002111  0.012909 
-11.638319    0.015024  0.002115  0.012909 
-11.623312    0.015013  0.002120  0.012894 
-11.608304    0.014985  0.002124  0.012862 
-11.593297    0.014945  0.002128  0.012817 
-11.578289    0.014899  0.002132  0.012767 
-11.563282    0.014857  0.002136  0.012721 
-11.548274    0.014823  0.002140  0.012683 
-11.533267    0.014799  0.002145  0.012655 
-11.518259    0.014787  0.002149  0.012638 
-11.503252    0.014787  0.002153  0.012634 
-11.488244    0.014800  0.002157  0.012643 
-11.473237    0.014826  0.002162  0.012664 
-11.458229    0.014859  0.002166  0.012694 
-11.443222    0.014898  0.002170  0.012728 
-11.428214    0.014938  0.002174  0.012764 
-11.413207    0.014979  0.002179  0.012800 
-11.398199    0.015021  0.002183  0.012838 
-11.383192    0.015064  0.002187  0.012877 
-11.368184    0.015111  0.002192  0.012919 
-11.353177    0.015160  0.002196  0.012964 
-11.338169    0.015210  0.002201  0.013010 
-11.323162    0.015260  0.002205  0.013055 
-11.308154    0.015309  0.002209  0.013099 
-11.293147    0.015357  0.002214  0.013143 
-11.278139    0.015407  0.002218  0.013189 
-11.263132    0.015463  0.002223  0.013241 
-11.248124    0.015525  0.002227  0.013298 
-11.233117    0.015594  0.002232  0.013362 
-11.218109    0.015668  0.002236  0.013432 
-11.203102    0.015747  0.002241  0.013506 
-11.188094    0.015831  0.002245  0.013586 
-11.173087    0.015921  0.002250  0.013671 
-11.158079    0.016013  0.002254  0.013759 
-11.143072    0.016104  0.002259  0.013846 
-11.128064    0.016190  0.002263  0.013927 
-11.113057    0.016268  0.002268  0.014000 
-11.098049    0.016340  0.002272  0.014067 
-11.083042    0.016409  0.002277  0.014132 
-11.068034    0.016479  0.002282  0.014197 
-11.053027    0.016552  0.002286  0.014266 
-11.038019    0.016629  0.002291  0.014338 
-11.023012    0.016710  0.002296  0.014414 
-11.008004    0.016794  0.002300  0.014494 
-10.992996    0.016882  0.002305  0.014577 
-10.977989    0.016973  0.002310  0.014663 
-10.962981    0.017064  0.002314  0.014750 
-10.947974    0.017153  0.002319  0.014834 
-10.932966    0.017237  0.002324  0.014913 
-10.917959    0.017318  0.002329  0.014990 
-10.902951    0.017401  0.002333  0.015067 
-10.887944    0.017486  0.002338  0.015147 
-10.872936    0.017569  0.002343  0.015226 
-10.857929    0.017643  0.002348  0.015295 
-10.842921    0.017700  0.002353  0.015347 
-10.827914    0.017740  0.002358  0.015383 
-10.812906    0.017768  0.002362  0.015406 
-10.797899    0.017793  0.002367  0.015425 
-10.782891    0.017820  0.002372  0.015448 
-10.767884    0.017853  0.002377  0.015476 
-10.752876    0.017891  0.002382  0.015509 
-10.737869    0.017930  0.002387  0.015542 
-10.722861    0.017966  0.002392  0.015574 
-10.707854    0.017999  0.002397  0.015602 
-10.692846    0.018029  0.002402  0.015627 
-10.677839    0.018058  0.002407  0.015651 
-10.662831    0.018091  0.002412  0.015679 
-10.647824    0.018133  0.002417  0.015716 
-10.632816    0.018185  0.002422  0.015763 
-10.617809    0.018245  0.002427  0.015818 
-10.602801    0.018311  0.002432  0.015879 
-10.587794    0.018379  0.002437  0.015942 
-10.572786    0.018448  0.002442  0.016005 
-10.557779    0.018514  0.002448  0.016066 
-10.542771    0.018578  0.002453  0.016125 
-10.527764    0.018644  0.002458  0.016186 
-10.512756    0.018712  0.002463  0.016249 
-10.497749    0.018787  0.002468  0.016318 
-10.482741    0.018867  0.002474  0.016393 
-10.467734    0.018952  0.002479  0.016473 
-10.452726    0.019039  0.002484  0.016555 
-10.437719    0.019129  0.002489  0.016639 
-10.422711    0.019219  0.002495  0.016724 
-10.407704    0.019311  0.002500  0.016811 
-10.392696    0.019404  0.002505  0.016899 
-10.377689    0.019497  0.002511  0.016987 
-10.362681    0.019589  0.002516  0.017073 
-10.347674    0.019680  0.002521  0.017159 
-10.332666    0.019774  0.002527  0.017248 
-10.317659    0.019875  0.002532  0.017343 
-10.302651    0.019984  0.002538  0.017446 
-10.287644    0.020102  0.002543  0.017559 
-10.272636    0.020229  0.002548  0.017681 
-10.257629    0.020362  0.002554  0.017808 
-10.242621    0.020496  0.002559  0.017937 
-10.227614    0.020629  0.002565  0.018064 
-10.212606    0.020758  0.002570  0.018188 
-10.197599    0.020881  0.002576  0.018305 
-10.182591    0.020999  0.002582  0.018417 
-10.167584    0.021111  0.002587  0.018524 
-10.152576    0.021220  0.002593  0.018627 
-10.137569    0.021328  0.002598  0.018729 
-10.122561    0.021434  0.002604  0.018830 
-10.107554    0.021541  0.002610  0.018931 
-10.092546    0.021648  0.002615  0.019033 
-10.077539    0.021759  0.002621  0.019138 
-10.062531    0.021873  0.002627  0.019246 
-10.047524    0.021990  0.002633  0.019357 
-10.032516    0.022108  0.002638  0.019469 
-10.017509    0.022222  0.002644  0.019578 
-10.002501    0.022329  0.002650  0.019679 
-9.987494    0.022427  0.002656  0.019772 
-9.972486    0.022516  0.002662  0.019855 
-9.957479    0.022598  0.002667  0.019930 
-9.942471    0.022674  0.002673  0.020001 
-9.927464    0.022748  0.002679  0.020069 
-9.912456    0.022823  0.002685  0.020138 
-9.897449    0.022903  0.002691  0.020212 
-9.882441    0.022991  0.002697  0.020294 
-9.867434    0.023093  0.002703  0.020390 
-9.852426    0.023208  0.002709  0.020500 
-9.837419    0.023337  0.002715  0.020622 
-9.822411    0.023477  0.002721  0.020756 
-9.807404    0.023624  0.002727  0.020897 
-9.792396    0.023777  0.002733  0.021044 
-9.777389    0.023935  0.002739  0.021195 
-9.762381    0.024092  0.002745  0.021347 
-9.747374    0.024248  0.002751  0.021496 
-9.732366    0.024399  0.002758  0.021641 
-9.717359    0.024546  0.002764  0.021783 
-9.702351    0.024691  0.002770  0.021921 
-9.687344    0.024831  0.002776  0.022055 
-9.672336    0.024966  0.002782  0.022184 
-9.657329    0.025093  0.002789  0.022304 
-9.642321    0.025211  0.002795  0.022416 
-9.627314    0.025324  0.002801  0.022523 
-9.612306    0.025441  0.002808  0.022634 
-9.597299    0.025574  0.002814  0.022760 
-9.582291    0.025730  0.002820  0.022910 
-9.567284    0.025915  0.002827  0.023089 
-9.552276    0.026130  0.002833  0.023297 
-9.537269    0.026372  0.002839  0.023532 
-9.522261    0.026632  0.002846  0.023786 
-9.507254    0.026903  0.002852  0.024050 
-9.492246    0.027172  0.002859  0.024313 
-9.477239    0.027433  0.002865  0.024567 
-9.462231    0.027681  0.002872  0.024809 
-9.447224    0.027920  0.002879  0.025041 
-9.432216    0.028156  0.002885  0.025271 
-9.417209    0.028397  0.002892  0.025505 
-9.402201    0.028645  0.002898  0.025746 
-9.387194    0.028897  0.002905  0.025992 
-9.372186    0.029150  0.002912  0.026238 
-9.357179    0.029398  0.002918  0.026480 
-9.342171    0.029637  0.002925  0.026712 
-9.327164    0.029865  0.002932  0.026933 
-9.312156    0.030077  0.002939  0.027138 
-9.297149    0.030271  0.002945  0.027326 
-9.282141    0.030446  0.002952  0.027494 
-9.267134    0.030601  0.002959  0.027642 
-9.252126    0.030742  0.002966  0.027776 
-9.237119    0.030881  0.002973  0.027909 
-9.222111    0.031033  0.002980  0.028053 
-9.207104    0.031210  0.002987  0.028223 
-9.192096    0.031420  0.002994  0.028426 
-9.177089    0.031663  0.003001  0.028662 
-9.162081    0.031931  0.003008  0.028923 
-9.147074    0.032216  0.003015  0.029201 
-9.132066    0.032510  0.003022  0.029488 
-9.117059    0.032813  0.003029  0.029784 
-9.102051    0.033129  0.003036  0.030093 
-9.087044    0.033460  0.003043  0.030417 
-9.072036    0.033802  0.003050  0.030751 
-9.057029    0.034143  0.003058  0.031086 
-9.042021    0.034471  0.003065  0.031406 
-9.027014    0.034773  0.003072  0.031701 
-9.012006    0.035044  0.003079  0.031965 
-8.996998    0.035287  0.003087  0.032201 
-8.981991    0.035508  0.003094  0.032414 
-8.966983    0.035717  0.003101  0.032616 
-8.951976    0.035922  0.003109  0.032813 
-8.936968    0.036130  0.003116  0.033014 
-8.921961    0.036342  0.003123  0.033219 
-8.906953    0.036562  0.003131  0.033431 
-8.891946    0.036790  0.003138  0.033652 
-8.876938    0.037031  0.003146  0.033885 
-8.861931    0.037288  0.003153  0.034134 
-8.846923    0.037562  0.003161  0.034401 
-8.831916    0.037853  0.003169  0.034685 
-8.816908    0.038162  0.003176  0.034986 
-8.801901    0.038488  0.003184  0.035304 
-8.786893    0.038829  0.003192  0.035638 
-8.771886    0.039185  0.003199  0.035986 
-8.756878    0.039556  0.003207  0.036349 
-8.741871    0.039941  0.003215  0.036726 
-8.726863    0.040340  0.003223  0.037118 
-8.711856    0.040752  0.003230  0.037522 
-8.696848    0.041173  0.003238  0.037935 
-8.681841    0.041599  0.003246  0.038353 
-8.666833    0.042025  0.003254  0.038771 
-8.651826    0.042446  0.003262  0.039184 
-8.636818    0.042857  0.003270  0.039587 
-8.621811    0.043260  0.003278  0.039982 
-8.606803    0.043655  0.003286  0.040369 
-8.591796    0.044044  0.003294  0.040750 
-8.576788    0.044427  0.003302  0.041125 
-8.561781    0.044806  0.003310  0.041496 
-8.546773    0.045180  0.003318  0.041862 
-8.531766    0.045549  0.003326  0.042223 
-8.516758    0.045915  0.003335  0.042580 
-8.501751    0.046277  0.003343  0.042934 
-8.486743    0.046640  0.003351  0.043289 
-8.471736    0.047004  0.003359  0.043645 
-8.456728    0.047371  0.003368  0.044003 
-8.441721    0.047741  0.003376  0.044365 
-8.426713    0.048117  0.003385  0.044733 
-8.411706    0.048504  0.003393  0.045111 
-8.396698    0.048906  0.003401  0.045504 
-8.381691    0.049326  0.003410  0.045917 
-8.366683    0.049771  0.003418  0.046352 
-8.351676    0.050242  0.003427  0.046815 
-8.336668    0.050742  0.003436  0.047306 
-8.321661    0.051267  0.003444  0.047823 
-8.306653    0.051814  0.003453  0.048362 
-8.291646    0.052379  0.003461  0.048917 
-8.276638    0.052957  0.003470  0.049487 
-8.261631    0.053549  0.003479  0.050070 
-8.246623    0.054152  0.003488  0.050665 
-8.231616    0.054766  0.003497  0.051269 
-8.216608    0.055386  0.003505  0.051880 
-8.201601    0.056009  0.003514  0.052495 
-8.186593    0.056636  0.003523  0.053113 
-8.171586    0.057272  0.003532  0.053739 
-8.156578    0.057923  0.003541  0.054381 
-8.141571    0.058594  0.003550  0.055044 
-8.126563    0.059286  0.003559  0.055726 
-8.111556    0.059992  0.003568  0.056423 
-8.096548    0.060706  0.003577  0.057128 
-8.081541    0.061426  0.003587  0.057839 
-8.066533    0.062158  0.003596  0.058562 
-8.051526    0.062914  0.003605  0.059309 
-8.036518    0.063711  0.003614  0.060096 
-8.021511    0.064561  0.003624  0.060938 
-8.006503    0.065478  0.003633  0.061845 
-7.991496    0.066466  0.003642  0.062824 
-7.976488    0.067525  0.003652  0.063873 
-7.961481    0.068643  0.003661  0.064982 
-7.946473    0.069805  0.003671  0.066134 
-7.931466    0.070988  0.003680  0.067308 
-7.916458    0.072175  0.003690  0.068486 
-7.901451    0.073355  0.003699  0.069656 
-7.886443    0.074526  0.003709  0.070817 
-7.871436    0.075698  0.003719  0.071979 
-7.856428    0.076891  0.003728  0.073163 
-7.841421    0.078136  0.003738  0.074398 
-7.826413    0.079462  0.003748  0.075714 
-7.811406    0.080887  0.003758  0.077129 
-7.796398    0.082408  0.003768  0.078640 
-7.781391    0.084006  0.003778  0.080228 
-7.766383    0.085651  0.003788  0.081863 
-7.751376    0.087314  0.003798  0.083516 
-7.736368    0.088980  0.003808  0.085172 
-7.721361    0.090649  0.003818  0.086831 
-7.706353    0.092330  0.003828  0.088502 
-7.691346    0.094039  0.003838  0.090201 
-7.676338    0.095789  0.003848  0.091941 
-7.661331    0.097589  0.003858  0.093730 
-7.646323    0.099443  0.003869  0.095574 
-7.631316    0.101358  0.003879  0.097479 
-7.616308    0.103347  0.003889  0.099458 
-7.601301    0.105431  0.003900  0.101531 
-7.586293    0.107632  0.003910  0.103721 
-7.571286    0.109974  0.003921  0.106054 
-7.556278    0.112485  0.003931  0.108554 
-7.541271    0.115190  0.003942  0.111248 
-7.526263    0.118114  0.003953  0.114162 
-7.511256    0.121282  0.003963  0.117318 
-7.496248    0.124712  0.003974  0.120738 
-7.481241    0.128419  0.003985  0.124434 
-7.466233    0.132407  0.003996  0.128411 
-7.451226    0.136680  0.004006  0.132673 
-7.436218    0.141239  0.004017  0.137222 
-7.421211    0.146093  0.004028  0.142065 
-7.406203    0.151256  0.004039  0.147217 
-7.391196    0.156752  0.004050  0.152702 
-7.376188    0.162614  0.004062  0.158552 
-7.361181    0.168878  0.004073  0.164806 
-7.346173    0.175582  0.004084  0.171498 
-7.331166    0.182751  0.004095  0.178655 
-7.316158    0.190394  0.004106  0.186288 
-7.301151    0.198518  0.004118  0.194400 
-7.286143    0.207135  0.004129  0.203006 
-7.271136    0.216265  0.004141  0.212125 
-7.256128    0.225926  0.004152  0.221774 
-7.241121    0.236118  0.004164  0.231954 
-7.226113    0.246825  0.004175  0.242650 
-7.211106    0.258023  0.004187  0.253836 
-7.196098    0.269693  0.004199  0.265495 
-7.181091    0.281842  0.004210  0.277631 
-7.166083    0.294515  0.004222  0.290292 
-7.151076    0.307811  0.004234  0.303577 
-7.136068    0.321879  0.004246  0.317633 
-7.121061    0.336883  0.004258  0.332625 
-7.106053    0.352957  0.004270  0.348687 
-7.091046    0.370165  0.004282  0.365882 
-7.076038    0.388487  0.004294  0.384192 
-7.061031    0.407843  0.004307  0.403537 
-7.046023    0.428136  0.004319  0.423818 
-7.031016    0.449285  0.004331  0.444954 
-7.016008    0.471241  0.004344  0.466897 
-7.001001    0.493970  0.004356  0.489614 
-6.985993    0.517421  0.004369  0.513052 
-6.970985    0.541498  0.004381  0.537117 
-6.955978    0.566078  0.004394  0.561684 
-6.940970    0.591043  0.004407  0.586636 
-6.925963    0.616298  0.004420  0.611878 
-6.910955    0.641756  0.004433  0.637323 
-6.895948    0.667296  0.004446  0.662850 
-6.880940    0.692733  0.004459  0.688274 
-6.865933    0.717814  0.004472  0.713342 
-6.850925    0.742289  0.004485  0.737804 
-6.835918    0.766043  0.004499  0.761544 
-6.820910    0.789227  0.004512  0.784714 
-6.805903    0.812292  0.004526  0.807766 
-6.790895    0.835914  0.004540  0.831374 
-6.775888    0.860843  0.004554  0.856289 
-6.760880    0.887778  0.004568  0.883210 
-6.745873    0.917304  0.004582  0.912722 
-6.730865    0.949908  0.004596  0.945312 
-6.715858    0.986067  0.004610  0.981456 
-6.700850    1.026309  0.004625  1.021683 
-6.685843    1.071230  0.004640  1.066590 
-6.670835    1.121431  0.004655  1.116776 
-6.655828    1.177445  0.004671  1.172774 
-6.640820    1.239675  0.004686  1.234989 
-6.625813    1.308341  0.004702  1.303639 
-6.610805    1.383345  0.004719  1.378626 
-6.595798    1.464131  0.004736  1.459396 
-6.580790    1.549674  0.004753  1.544921 
-6.565783    1.638655  0.004771  1.633884 
-6.550775    1.729745  0.004790  1.724955 
-6.535768    1.821867  0.004810  1.817057 
-6.520760    1.914419  0.004831  1.909588 
-6.505753    2.007408  0.004853  2.002555 
-6.490745    2.101386  0.004877  2.096509 
-6.475738    2.197124  0.004903  2.192221 
-6.460730    2.295188  0.004931  2.290258 
-6.445723    2.395630  0.004962  2.390668 
-6.430715    2.497671  0.004995  2.492676 
-6.415708    2.599281  0.005031  2.594250 
-6.400700    2.696863  0.005070  2.691793 
-6.385693    2.785457  0.005108  2.780349 
-6.370685    2.859592  0.005145  2.854448 
-6.355678    2.914490  0.005175  2.909315 
-6.340670    2.947204  0.005196  2.942009 
-6.325663    2.957335  0.005205  2.952129 
-6.310655    2.947026  0.005206  2.941820 
-6.295648    2.920157  0.005200  2.914957 
-6.280640    2.881114  0.005191  2.875923 
-6.265633    2.833866  0.005182  2.828683 
-6.250625    2.781707  0.005176  2.776531 
-6.235618    2.727436  0.005172  2.722264 
-6.220610    2.673449  0.005171  2.668278 
-6.205603    2.621522  0.005173  2.616350 
-6.190595    2.572591  0.005177  2.567415 
-6.175588    2.526917  0.005182  2.521734 
-6.160580    2.484569  0.005190  2.479379 
-6.145573    2.445744  0.005199  2.440545 
-6.130565    2.410683  0.005209  2.405474 
-6.115558    2.379428  0.005220  2.374209 
-6.100550    2.351700  0.005232  2.346469 
-6.085543    2.326901  0.005244  2.321657 
-6.070535    2.304262  0.005257  2.299005 
-6.055528    2.283046  0.005271  2.277775 
-6.040520    2.262639  0.005285  2.257354 
-6.025513    2.242504  0.005299  2.237205 
-6.010505    2.222150  0.005314  2.216837 
-5.995498    2.201193  0.005329  2.195865 
-5.980490    2.179543  0.005344  2.174200 
-5.965483    2.157712  0.005359  2.152353 
-5.950475    2.137016  0.005375  2.131642 
-5.935468    2.119256  0.005391  2.113865 
-5.920460    2.105850  0.005407  2.100443 
-5.905453    2.097057  0.005423  2.091634 
-5.890445    2.091927  0.005439  2.086488 
-5.875438    2.088916  0.005456  2.083460 
-5.860430    2.086560  0.005472  2.081088 
-5.845423    2.083830  0.005489  2.078341 
-5.830415    2.080278  0.005506  2.074772 
-5.815408    2.076115  0.005523  2.070592 
-5.800400    2.072135  0.005540  2.066595 
-5.785393    2.069442  0.005558  2.063884 
-5.770385    2.068966  0.005575  2.063391 
-5.755378    2.070919  0.005593  2.065327 
-5.740370    2.074537  0.005610  2.068927 
-5.725363    2.078383  0.005628  2.072755 
-5.710355    2.081057  0.005646  2.075411 
-5.695348    2.081879  0.005664  2.076215 
-5.680340    2.081044  0.005682  2.075362 
-5.665333    2.079113  0.005700  2.073413 
-5.650325    2.076346  0.005719  2.070627 
-5.635318    2.072477  0.005737  2.066740 
-5.620310    2.067118  0.005756  2.061363 
-5.605303    2.060387  0.005774  2.054613 
-5.590295    2.053129  0.005793  2.047336 
-5.575288    2.046498  0.005812  2.040686 
-5.560280    2.041260  0.005831  2.035430 
-5.545273    2.037428  0.005850  2.031579 
-5.530265    2.034490  0.005869  2.028622 
-5.515258    2.032026  0.005888  2.026138 
-5.500250    2.030145  0.005907  2.024238 
-5.485243    2.029393  0.005927  2.023466 
-5.470235    2.030254  0.005947  2.024308 
-5.455228    2.032731  0.005966  2.026764 
-5.440220    2.036240  0.005986  2.030254 
-5.425213    2.039756  0.006006  2.033751 
-5.410205    2.042053  0.006026  2.036027 
-5.395198    2.042075  0.006046  2.036029 
-5.380190    2.039441  0.006066  2.033374 
-5.365183    2.034757  0.006086  2.028671 
-5.350175    2.029444  0.006107  2.023337 
-5.335168    2.025087  0.006127  2.018959 
-5.320160    2.022776  0.006148  2.016628 
-5.305153    2.022874  0.006169  2.016705 
-5.290145    2.025286  0.006190  2.019097 
-5.275138    2.029867  0.006211  2.023656 
-5.260130    2.036582  0.006232  2.030350 
-5.245123    2.045343  0.006253  2.039090 
-5.230115    2.055731  0.006274  2.049457 
-5.215108    2.066929  0.006296  2.060634 
-5.200100    2.077960  0.006317  2.071643 
-5.185093    2.087981  0.006339  2.081642 
-5.170085    2.096395  0.006361  2.090035 
-5.155078    2.102794  0.006382  2.096412 
-5.140070    2.106868  0.006404  2.100464 
-5.125063    2.108455  0.006427  2.102029 
-5.110055    2.107745  0.006449  2.101296 
-5.095048    2.105408  0.006471  2.098937 
-5.080040    2.102436  0.006494  2.095942 
-5.065033    2.099817  0.006516  2.093301 
-5.050025    2.098348  0.006539  2.091809 
-5.035018    2.098645  0.006562  2.092083 
-5.020010    2.101241  0.006585  2.094656 
-5.005003    2.106744  0.006608  2.100136 
-4.989995    2.115974  0.006631  2.109343 
-4.974987    2.129869  0.006654  2.123214 
-4.959980    2.149116  0.006678  2.142439 
-4.944972    2.173866  0.006701  2.167165 
-4.929965    2.203721  0.006725  2.196996 
-4.914957    2.237821  0.006749  2.231072 
-4.899950    2.274786  0.006773  2.268014 
-4.884942    2.312725  0.006797  2.305928 
-4.869935    2.349648  0.006821  2.342827 
-4.854927    2.384157  0.006846  2.377311 
-4.839920    2.415739  0.006870  2.408868 
-4.824912    2.444358  0.006895  2.437463 
-4.809905    2.469795  0.006920  2.462875 
-4.794897    2.491301  0.006944  2.484357 
-4.779890    2.507751  0.006970  2.500781 
-4.764882    2.518197  0.006995  2.511202 
-4.749875    2.522608  0.007020  2.515588 
-4.734867    2.522297  0.007046  2.515252 
-4.719860    2.519601  0.007071  2.512530 
-4.704852    2.517060  0.007097  2.509963 
-4.689845    2.516773  0.007123  2.509650 
-4.674837    2.520164  0.007149  2.513015 
-4.659830    2.527928  0.007175  2.520753 
-4.644822    2.539931  0.007201  2.532730 
-4.629815    2.555110  0.007228  2.547882 
-4.614807    2.571682  0.007254  2.564428 
-4.599800    2.587806  0.007281  2.580525 
-4.584792    2.602306  0.007308  2.594998 
-4.569785    2.614948  0.007335  2.607613 
-4.554777    2.626306  0.007363  2.618944 
-4.539770    2.637624  0.007390  2.630234 
-4.524762    2.650637  0.007418  2.643220 
-4.509755    2.667047  0.007445  2.659602 
-4.494747    2.687741  0.007473  2.680268 
-4.479740    2.712355  0.007501  2.704854 
-4.464732    2.739484  0.007529  2.731955 
-4.449725    2.767255  0.007558  2.759697 
-4.434717    2.793971  0.007586  2.786385 
-4.419710    2.818815  0.007615  2.811200 
-4.404702    2.842295  0.007644  2.834651 
-4.389695    2.866051  0.007673  2.858378 
-4.374687    2.892252  0.007702  2.884550 
-4.359680    2.923213  0.007731  2.915482 
-4.344672    2.961204  0.007761  2.953444 
-4.329665    3.007857  0.007791  3.000067 
-4.314657    3.063087  0.007820  3.055266 
-4.299650    3.124274  0.007851  3.116423 
-4.284642    3.186627  0.007881  3.178747 
-4.269635    3.244840  0.007911  3.236929 
-4.254627    3.295160  0.007942  3.287219 
-4.239620    3.336680  0.007973  3.328707 
-4.224612    3.371229  0.008004  3.363225 
-4.209605    3.401998  0.008035  3.393963 
-4.194597    3.431350  0.008066  3.423284 
-4.179590    3.458865  0.008098  3.450768 
-4.164582    3.480863  0.008129  3.472734 
-4.149575    3.491881  0.008161  3.483720 
-4.134567    3.487304  0.008193  3.479111 
-4.119560    3.465673  0.008225  3.457448 
-4.104552    3.429317  0.008258  3.421059 
-4.089545    3.382998  0.008291  3.374707 
-4.074537    3.331684  0.008324  3.323361 
-4.059530    3.279102  0.008357  3.270745 
-4.044522    3.227824  0.008390  3.219435 
-4.029515    3.180114  0.008423  3.171691 
-4.014507    3.138233  0.008457  3.129776 
-3.999500    3.103899  0.008491  3.095408 
-3.984492    3.077460  0.008525  3.068935 
-3.969485    3.057335  0.008559  3.048776 
-3.954477    3.040123  0.008594  3.031529 
-3.939470    3.021495  0.008629  3.012866 
-3.924462    2.997536  0.008664  2.988872 
-3.909455    2.965906  0.008699  2.957207 
-3.894447    2.926458  0.008734  2.917724 
-3.879440    2.881189  0.008770  2.872420 
-3.864432    2.833584  0.008806  2.824778 
-3.849425    2.787558  0.008842  2.778716 
-3.834417    2.746383  0.008878  2.737505 
-3.819410    2.712020  0.008915  2.703105 
-3.804402    2.685161  0.008951  2.676210 
-3.789395    2.665879  0.008988  2.656891 
-3.774387    2.654411  0.009025  2.645386 
-3.759380    2.651568  0.009063  2.642505 
-3.744372    2.658424  0.009101  2.649323 
-3.729365    2.675472  0.009139  2.666334 
-3.714357    2.701922  0.009177  2.692745 
-3.699350    2.735595  0.009215  2.726380 
-3.684342    2.773384  0.009254  2.764130 
-3.669335    2.812124  0.009293  2.802831 
-3.654327    2.849713  0.009332  2.840381 
-3.639320    2.885871  0.009371  2.876500 
-3.624312    2.921891  0.009411  2.912480 
-3.609305    2.959553  0.009451  2.950102 
-3.594297    3.000145  0.009491  2.990654 
-3.579290    3.044155  0.009532  3.034623 
-3.564282    3.091502  0.009573  3.081929 
-3.549275    3.142003  0.009614  3.132389 
-3.534267    3.195906  0.009655  3.186251 
-3.519260    3.254328  0.009697  3.244632 
-3.504252    3.319493  0.009738  3.309755 
-3.489245    3.394618  0.009781  3.384838 
-3.474237    3.483509  0.009823  3.473686 
-3.459230    3.590237  0.009866  3.580372 
-3.444222    3.719180  0.009909  3.709271 
-3.429215    3.875245  0.009952  3.865293 
-3.414207    4.063896  0.009996  4.053900 
-3.399200    4.290806  0.010039  4.280767 
-3.384192    4.561311  0.010084  4.551227 
-3.369185    4.879739  0.010128  4.869611 
-3.354177    5.248218  0.010173  5.238045 
-3.339170    5.664282  0.010218  5.654064 
-3.324162    6.117437  0.010263  6.107173 
-3.309155    6.586502  0.010309  6.576192 
-3.294147    7.040697  0.010355  7.030341 
-3.279140    7.445804  0.010402  7.435402 
-3.264132    7.772744  0.010448  7.762296 
-3.249125    8.004173  0.010495  7.993678 
-3.234117    8.137210  0.010543  8.126667 
-3.219110    8.182956  0.010590  8.172366 
-3.204102    8.162825  0.010638  8.152187 
-3.189095    8.101486  0.010687  8.090799 
-3.174087    8.019086  0.010736  8.008351 
-3.159080    7.927095  0.010785  7.916310 
-3.144072    7.829555  0.010834  7.818721 
-3.129065    7.727676  0.010884  7.716792 
-3.114057    7.623872  0.010934  7.612937 
-3.099050    7.522677  0.010985  7.511692 
-3.084042    7.428595  0.011036  7.417559 
-3.069035    7.342365  0.011087  7.331278 
-3.054027    7.258020  0.011139  7.246881 
-3.039020    7.164027  0.011191  7.152836 
-3.024012    7.049564  0.011243  7.038320 
-3.009005    6.911881  0.011296  6.900585 
-2.993997    6.759467  0.011349  6.748118 
-2.978989    6.609802  0.011403  6.598399 
-2.963982    6.483843  0.011457  6.472386 
-2.948974    6.399574  0.011512  6.388063 
-2.933967    6.366505  0.011567  6.354938 
-2.918959    6.381906  0.011622  6.370284 
-2.903952    6.429136  0.011678  6.417458 
-2.888944    6.480069  0.011734  6.468335 
-2.873937    6.504023  0.011791  6.492233 
-2.858929    6.480419  0.011848  6.468571 
-2.843922    6.406535  0.011906  6.394629 
-2.828914    6.294367  0.011964  6.282403 
-2.813907    6.160731  0.012023  6.148708 
-2.798899    6.020098  0.012082  6.008016 
-2.783892    5.884056  0.012142  5.871915 
-2.768884    5.763768  0.012202  5.751566 
-2.753877    5.671164  0.012263  5.658901 
-2.738869    5.617630  0.012324  5.605306 
-2.723862    5.610682  0.012386  5.598296 
-2.708854    5.650180  0.012448  5.637732 
-2.693847    5.725887  0.012512  5.713375 
-2.678839    5.816701  0.012575  5.804126 
-2.663832    5.891944  0.012640  5.879304 
-2.648824    5.917492  0.012705  5.904787 
-2.633817    5.868189  0.012771  5.855418 
-2.618809    5.740290  0.012837  5.727453 
-2.603802    5.553955  0.012905  5.541050 
-2.588794    5.343571  0.012973  5.330598 
-2.573787    5.143769  0.013042  5.130727 
-2.558779    4.979401  0.013111  4.966289 
-2.543772    4.861108  0.013182  4.847925 
-2.528764    4.784556  0.013254  4.771301 
-2.513757    4.732754  0.013327  4.719427 
-2.498749    4.681855  0.013401  4.668454 
-2.483742    4.608979  0.013477  4.595503 
-2.468734    4.498919  0.013553  4.485365 
-2.453727    4.347179  0.013632  4.333547 
-2.438719    4.158404  0.013712  4.144692 
-2.423712    3.941731  0.013794  3.927937 
-2.408704    3.707278  0.013878  3.693400 
-2.393697    3.465726  0.013965  3.451762 
-2.378689    3.227955  0.014054  3.213901 
-2.363682    3.002127  0.014146  2.987980 
-2.348674    2.790403  0.014243  2.776161 
-2.333667    2.588966  0.014343  2.574623 
-2.318659    2.392041  0.014449  2.377592 
-2.303652    2.196912  0.014561  2.182351 
-2.288644    2.005949  0.014680  1.991269 
-2.273637    1.824676  0.014808  1.809869 
-2.258629    1.658469  0.014946  1.643523 
-2.243622    1.510523  0.015097  1.495426 
-2.228614    1.381584  0.015263  1.366322 
-2.213607    1.270568  0.015446  1.255122 
-2.198599    1.175253  0.015648  1.159605 
-2.183592    1.092789  0.015869  1.076921 
-2.168584    1.020091  0.016105  1.003985 
-2.153577    0.954312  0.016349  0.937963 
-2.138569    0.893380  0.016582  0.876798 
-2.123562    0.836292  0.016782  0.819510 
-2.108554    0.782927  0.016924  0.766004 
-2.093547    0.733551  0.016993  0.716558 
-2.078539    0.688385  0.016994  0.671391 
-2.063532    0.647427  0.016946  0.630481 
-2.048524    0.610468  0.016873  0.593595 
-2.033517    0.577172  0.016798  0.560373 
-2.018509    0.547151  0.016734  0.530417 
-2.003502    0.520025  0.016688  0.503337 
-1.988494    0.495442  0.016661  0.478781 
-1.973487    0.473094  0.016653  0.456441 
-1.958479    0.452716  0.016661  0.436056 
-1.943472    0.434086  0.016683  0.417403 
-1.928464    0.417015  0.016717  0.400298 
-1.913457    0.401350  0.016761  0.384589 
-1.898449    0.386963  0.016814  0.370149 
-1.883442    0.373749  0.016873  0.356876 
-1.868434    0.361623  0.016939  0.344684 
-1.853427    0.350508  0.017009  0.333499 
-1.838419    0.340332  0.017084  0.323248 
-1.823412    0.331007  0.017163  0.313844 
-1.808404    0.322407  0.017245  0.305162 
-1.793397    0.314351  0.017330  0.297021 
-1.778389    0.306593  0.017418  0.289176 
-1.763382    0.298866  0.017508  0.281359 
-1.748374    0.290966  0.017600  0.273366 
-1.733367    0.282835  0.017694  0.265141 
-1.718359    0.274579  0.017791  0.256789 
-1.703352    0.266390  0.017889  0.248501 
-1.688344    0.258451  0.017988  0.240462 
-1.673337    0.250885  0.018090  0.232796 
-1.658329    0.243750  0.018193  0.225558 
-1.643322    0.237053  0.018297  0.218756 
-1.628314    0.230775  0.018403  0.212372 
-1.613307    0.224883  0.018510  0.206373 
-1.598299    0.219342  0.018619  0.200723 
-1.583292    0.214119  0.018729  0.195391 
-1.568284    0.209184  0.018840  0.190344 
-1.553277    0.204510  0.018953  0.185557 
-1.538269    0.200074  0.019067  0.181007 
-1.523262    0.195855  0.019182  0.176673 
-1.508254    0.191838  0.019299  0.172539 
-1.493247    0.188007  0.019417  0.168590 
-1.478239    0.184349  0.019536  0.164813 
-1.463232    0.180854  0.019656  0.161198 
-1.448224    0.177513  0.019778  0.157734 
-1.433217    0.174316  0.019902  0.154414 
-1.418209    0.171257  0.020026  0.151231 
-1.403202    0.168330  0.020152  0.148178 
-1.388194    0.165530  0.020279  0.145250 
-1.373187    0.162853  0.020408  0.142445 
-1.358179    0.160297  0.020538  0.139758 
-1.343172    0.157859  0.020670  0.137189 
-1.328164    0.155539  0.020802  0.134737 
-1.313157    0.153338  0.020937  0.132402 
-1.298149    0.151259  0.021072  0.130187 
-1.283142    0.149306  0.021209  0.128097 
-1.268134    0.147486  0.021348  0.126138 
-1.253127    0.145806  0.021488  0.124319 
-1.238119    0.144279  0.021629  0.122650 
-1.223112    0.142917  0.021772  0.121144 
-1.208104    0.141730  0.021917  0.119813 
-1.193097    0.140727  0.022063  0.118664 
-1.178089    0.139901  0.022211  0.117690 
-1.163082    0.139219  0.022360  0.116859 
-1.148074    0.138607  0.022511  0.116096 
-1.133067    0.137939  0.022664  0.115276 
-1.118059    0.137051  0.022818  0.114233 
-1.103052    0.135790  0.022974  0.112817 
-1.088044    0.134092  0.023131  0.110961 
-1.073037    0.132010  0.023290  0.108719 
-1.058029    0.129686  0.023452  0.106234 
-1.043022    0.127283  0.023614  0.103668 
-1.028014    0.124928  0.023779  0.101149 
-1.013007    0.122696  0.023945  0.098751 
-0.997999    0.120620  0.024114  0.096507 
-0.982991    0.118704  0.024284  0.094420 
-0.967984    0.116938  0.024456  0.092482 
-0.952976    0.115306  0.024630  0.090676 
-0.937969    0.113793  0.024806  0.088987 
-0.922961    0.112384  0.024984  0.087400 
-0.907954    0.111065  0.025164  0.085901 
-0.892946    0.109825  0.025346  0.084479 
-0.877939    0.108656  0.025530  0.083126 
-0.862931    0.107550  0.025716  0.081834 
-0.847924    0.106502  0.025905  0.080597 
-0.832916    0.105507  0.026095  0.079411 
-0.817909    0.104560  0.026288  0.078272 
-0.802901    0.103660  0.026483  0.077177 
-0.787894    0.102804  0.026681  0.076123 
-0.772886    0.101989  0.026881  0.075109 
-0.757879    0.101217  0.027083  0.074134 
-0.742871    0.100484  0.027287  0.073197 
-0.727864    0.099794  0.027494  0.072299 
-0.712856    0.099144  0.027704  0.071441 
-0.697849    0.098539  0.027916  0.070623 
-0.682841    0.097979  0.028130  0.069848 
-0.667834    0.097468  0.028348  0.069120 
-0.652826    0.097011  0.028568  0.068443 
-0.637819    0.096612  0.028790  0.067822 
-0.622811    0.096280  0.029016  0.067264 
-0.607804    0.096022  0.029244  0.066778 
-0.592796    0.095848  0.029475  0.066373 
-0.577789    0.095767  0.029709  0.066058 
-0.562781    0.095785  0.029946  0.065839 
-0.547774    0.095898  0.030186  0.065713 
-0.532766    0.096089  0.030429  0.065661 
-0.517759    0.096311  0.030675  0.065636 
-0.502751    0.096485  0.030924  0.065560 
-0.487744    0.096503  0.031177  0.065326 
-0.472736    0.096268  0.031433  0.064835 
-0.457729    0.095734  0.031692  0.064042 
-0.442721    0.094933  0.031955  0.062979 
-0.427714    0.093958  0.032221  0.061737 
-0.412706    0.092914  0.032491  0.060423 
-0.397699    0.091887  0.032764  0.059123 
-0.382691    0.090929  0.033042  0.057887 
-0.367684    0.090061  0.033323  0.056738 
-0.352676    0.089288  0.033607  0.055680 
-0.337669    0.088604  0.033896  0.054707 
-0.322661    0.087999  0.034189  0.053810 
-0.307654    0.087464  0.034486  0.052978 
-0.292646    0.086989  0.034787  0.052202 
-0.277639    0.086566  0.035093  0.051474 
-0.262631    0.086188  0.035403  0.050786 
-0.247624    0.085850  0.035717  0.050133 
-0.232616    0.085547  0.036036  0.049511 
-0.217609    0.085275  0.036359  0.048916 
-0.202601    0.085032  0.036688  0.048344 
-0.187594    0.084815  0.037021  0.047793 
-0.172586    0.084622  0.037360  0.047262 
-0.157579    0.084452  0.037703  0.046749 
-0.142571    0.084303  0.038052  0.046251 
-0.127564    0.084176  0.038406  0.045769 
-0.112556    0.084068  0.038766  0.045302 
-0.097549    0.083981  0.039132  0.044849 
-0.082541    0.083912  0.039503  0.044409 
-0.067534    0.083863  0.039881  0.043982 
-0.052526    0.083834  0.040265  0.043569 
-0.037519    0.083824  0.040655  0.043169 
-0.022511    0.083834  0.041051  0.042782 
-0.007504    0.083865  0.041455  0.042410 
 0.007504    0.083918  0.041866  0.042052 
 0.022511    0.083993  0.042283  0.041710 
 0.037519    0.084094  0.042709  0.041385 
 0.052526    0.084221  0.043142  0.041078 
 0.067534    0.084376  0.043584  0.040793 
 0.082541    0.084564  0.044033  0.040531 
 0.097549    0.084788  0.044492  0.040296 
 0.112556    0.085053  0.044960  0.040093 
 0.127564    0.085364  0.045438  0.039927 
 0.142571    0.085728  0.045926  0.039803 
 0.157579    0.086152  0.046424  0.039728 
 0.172586    0.086643  0.046934  0.039708 
 0.187594    0.087203  0.047456  0.039746 
 0.202601    0.087829  0.047991  0.039838 
 0.217609    0.088507  0.048540  0.039967 
 0.232616    0.089200  0.049104  0.040097 
 0.247624    0.089852  0.049684  0.040168 
 0.262631    0.090393  0.050281  0.040112 
 0.277639    0.090769  0.050899  0.039870 
 0.292646    0.090966  0.051537  0.039429 
 0.307654    0.091023  0.052201  0.038822 
 0.322661    0.091008  0.052891  0.038117 
 0.337669    0.090994  0.053613  0.037381 
 0.352676    0.091034  0.054370  0.036664 
 0.367684    0.091161  0.055168  0.035993 
 0.382691    0.091392  0.056014  0.035378 
 0.397699    0.091736  0.056915  0.034821 
 0.412706    0.092195  0.057879  0.034316 
 0.427714    0.092771  0.058913  0.033858 
 0.442721    0.093463  0.060023  0.033440 
 0.457729    0.094265  0.061208  0.033057 
 0.472736    0.095157  0.062453  0.032705 
 0.487744    0.096105  0.063725  0.032380 
 0.502751    0.097049  0.064970  0.032079 
 0.517759    0.097921  0.066120  0.031801 
 0.532766    0.098668  0.067123  0.031545 
 0.547774    0.099278  0.067967  0.031311 
 0.562781    0.099795  0.068696  0.031099 
 0.577789    0.100296  0.069385  0.030911 
 0.592796    0.100865  0.070117  0.030748 
 0.607804    0.101570  0.070956  0.030614 
 0.622811    0.102460  0.071948  0.030512 
 0.637819    0.103572  0.073127  0.030445 
 0.652826    0.104931  0.074515  0.030416 
 0.667834    0.106557  0.076133  0.030425 
 0.682841    0.108459  0.077993  0.030465 
 0.697849    0.110618  0.080095  0.030523 
 0.712856    0.112974  0.082408  0.030567 
 0.727864    0.115400  0.084844  0.030556 
 0.742871    0.117688  0.087242  0.030447 
 0.757879    0.119578  0.089366  0.030212 
 0.772886    0.120818  0.090960  0.029858 
 0.787894    0.121270  0.091855  0.029416 
 0.802901    0.120985  0.092054  0.028931 
 0.817909    0.120175  0.091734  0.028442 
 0.832916    0.119121  0.091148  0.027973 
 0.847924    0.118062  0.090526  0.027537 
 0.862931    0.117157  0.090021  0.027136 
 0.877939    0.116481  0.089711  0.026770 
 0.892946    0.116055  0.089619  0.026435 
 0.907954    0.115868  0.089741  0.026126 
 0.922961    0.115897  0.090057  0.025840 
 0.937969    0.116115  0.090543  0.025572 
 0.952976    0.116498  0.091178  0.025320 
 0.967984    0.117023  0.091941  0.025082 
 0.982991    0.117672  0.092816  0.024855 
 0.997999    0.118429  0.093790  0.024639 
 1.013007    0.119283  0.094853  0.024430 
 1.028014    0.120225  0.095996  0.024229 
 1.043022    0.121247  0.097212  0.024035 
 1.058029    0.122343  0.098497  0.023847 
 1.073037    0.123510  0.099846  0.023664 
 1.088044    0.124743  0.101258  0.023485 
 1.103052    0.126042  0.102730  0.023311 
 1.118059    0.127403  0.104261  0.023142 
 1.133067    0.128827  0.105851  0.022976 
 1.148074    0.130312  0.107498  0.022814 
 1.163082    0.131859  0.109204  0.022655 
 1.178089    0.133468  0.110968  0.022500 
 1.193097    0.135140  0.112792  0.022348 
 1.208104    0.136876  0.114677  0.022199 
 1.223112    0.138677  0.116624  0.022053 
 1.238119    0.140545  0.118634  0.021911 
 1.253127    0.142481  0.120710  0.021772 
 1.268134    0.144488  0.122853  0.021636 
 1.283142    0.146568  0.125065  0.021503 
 1.298149    0.148723  0.127350  0.021374 
 1.313157    0.150957  0.129709  0.021248 
 1.328164    0.153272  0.132146  0.021126 
 1.343172    0.155673  0.134664  0.021008 
 1.358179    0.158161  0.137266  0.020895 
 1.373187    0.160742  0.139955  0.020787 
 1.388194    0.163420  0.142735  0.020685 
 1.403202    0.166200  0.145611  0.020588 
 1.418209    0.169086  0.148587  0.020499 
 1.433217    0.172085  0.151667  0.020418 
 1.448224    0.175203  0.154856  0.020347 
 1.463232    0.178447  0.158160  0.020287 
 1.478239    0.181825  0.161585  0.020241 
 1.493247    0.185346  0.165136  0.020210 
 1.508254    0.189019  0.168820  0.020199 
 1.523262    0.192855  0.172644  0.020211 
 1.538269    0.196865  0.176615  0.020250 
 1.553277    0.201060  0.180742  0.020319 
 1.568284    0.205453  0.185033  0.020420 
 1.583292    0.210051  0.189497  0.020554 
 1.598299    0.214855  0.194145  0.020710 
 1.613307    0.219857  0.198988  0.020869 
 1.628314    0.225034  0.204036  0.020999 
 1.643322    0.230358  0.209302  0.021056 
 1.658329    0.235805  0.214801  0.021004 
 1.673337    0.241375  0.220547  0.020828 
 1.688344    0.247100  0.226556  0.020545 
 1.703352    0.253036  0.232845  0.020192 
 1.718359    0.259245  0.239434  0.019811 
 1.733367    0.265778  0.246342  0.019435 
 1.748374    0.272677  0.253594  0.019083 
 1.763382    0.279976  0.261213  0.018763 
 1.778389    0.287701  0.269227  0.018474 
 1.793397    0.295882  0.277666  0.018216 
 1.808404    0.304546  0.286562  0.017984 
 1.823412    0.313727  0.295952  0.017774 
 1.838419    0.323460  0.305877  0.017583 
 1.853427    0.333788  0.316381  0.017408 
 1.868434    0.344758  0.327513  0.017245 
 1.883442    0.356422  0.339329  0.017093 
 1.898449    0.368841  0.351891  0.016950 
 1.913457    0.382082  0.365268  0.016814 
 1.928464    0.396224  0.379539  0.016685 
 1.943472    0.411353  0.394791  0.016562 
 1.958479    0.427567  0.411124  0.016443 
 1.973487    0.444981  0.428652  0.016328 
 1.988494    0.463721  0.447504  0.016217 
 2.003502    0.483937  0.467827  0.016110 
 2.018509    0.505798  0.489793  0.016005 
 2.033517    0.529499  0.513597  0.015903 
 2.048524    0.555269  0.539466  0.015803 
 2.063532    0.583371  0.567666  0.015705 
 2.078539    0.614116  0.598507  0.015609 
 2.093547    0.647869  0.632355  0.015515 
 2.108554    0.685061  0.669639  0.015422 
 2.123562    0.726204  0.710873  0.015331 
 2.138569    0.771911  0.756669  0.015242 
 2.153577    0.822917  0.807763  0.015153 
 2.168584    0.880109  0.865043  0.015067 
 2.183592    0.944566  0.929585  0.014981 
 2.198599    1.017599  1.002703  0.014896 
 2.213607    1.100810  1.085997  0.014813 
 2.228614    1.196157  1.181426  0.014731 
 2.243622    1.306030  1.291380  0.014649 
 2.258629    1.433323  1.418754  0.014569 
 2.273637    1.581489  1.566999  0.014490 
 2.288644    1.754523  1.740112  0.014411 
 2.303652    1.956807  1.942473  0.014334 
 2.318659    2.192640  2.178383  0.014257 
 2.333667    2.465281  2.451099  0.014182 
 2.348674    2.775282  2.761175  0.014107 
 2.363682    3.118244  3.104211  0.014033 
 2.378689    3.482850  3.468891  0.013959 
 2.393697    3.850957  3.837070  0.013887 
 2.408704    4.200957  4.187141  0.013815 
 2.423712    4.512348  4.498603  0.013745 
 2.438719    4.766959  4.753284  0.013675 
 2.453727    4.946912  4.933306  0.013606 
 2.468734    5.036787  5.023250  0.013537 
 2.483742    5.033994  5.020524  0.013470 
 2.498749    4.958393  4.944990  0.013403 
 2.513757    4.849339  4.836002  0.013337 
 2.528764    4.751588  4.738317  0.013272 
 2.543772    4.701514  4.688307  0.013207 
 2.558779    4.720508  4.707364  0.013144 
 2.573787    4.813897  4.800816  0.013081 
 2.588794    4.971340  4.958320  0.013020 
 2.603802    5.167506  5.154546  0.012959 
 2.618809    5.365653  5.352754  0.012900 
 2.633817    5.527682  5.514841  0.012841 
 2.648824    5.629255  5.616471  0.012783 
 2.663832    5.670765  5.658038  0.012727 
 2.678839    5.674876  5.662204  0.012672 
 2.693847    5.672751  5.660133  0.012618 
 2.708854    5.690380  5.677814  0.012566 
 2.723862    5.742791  5.730276  0.012515 
 2.738869    5.834757  5.822291  0.012467 
 2.753877    5.963379  5.950959  0.012420 
 2.768884    6.120597  6.108221  0.012375 
 2.783892    6.295521  6.283188  0.012333 
 2.798899    6.475630  6.463335  0.012295 
 2.813907    6.646319  6.634060  0.012259 
 2.828914    6.790884  6.778656  0.012228 
 2.843922    6.893247  6.881045  0.012201 
 2.858929    6.942636  6.930456  0.012180 
 2.873937    6.936984  6.924818  0.012166 
 2.888944    6.882658  6.870497  0.012160 
 2.903952    6.791270  6.779106  0.012164 
 2.918959    6.677524  6.665344  0.012180 
 2.933967    6.560236  6.548026  0.012210 
 2.948974    6.462825  6.450568  0.012257 
 2.963982    6.409164  6.396841  0.012323 
 2.978989    6.416484  6.404076  0.012409 
 2.993997    6.490334  6.477819  0.012515 
 3.009005    6.624157  6.611523  0.012634 
 3.024012    6.801995  6.789240  0.012755 
 3.039020    7.001600  6.988743  0.012857 
 3.054027    7.198359  7.185448  0.012911 
 3.069035    7.372545  7.359650  0.012895 
 3.084042    7.517832  7.505033  0.012799 
 3.099050    7.643494  7.630858  0.012636 
 3.114057    7.766143  7.753714  0.012429 
 3.129065    7.896987  7.884783  0.012204 
 3.144072    8.035179  8.023196  0.011983 
 3.159080    8.171360  8.159584  0.011776 
 3.174087    8.295691  8.284102  0.011589 
 3.189095    8.401897  8.390474  0.011423 
 3.204102    8.484798  8.473522  0.011275 
 3.219110    8.535369  8.524225  0.011144 
 3.234117    8.538484  8.527457  0.011027 
 3.249125    8.475090  8.464169  0.010921 
 3.264132    8.326889  8.316065  0.010824 
 3.279140    8.081247  8.070511  0.010736 
 3.294147    7.736251  7.725597  0.010654 
 3.309155    7.305194  7.294616  0.010578 
 3.324162    6.816587  6.806081  0.010506 
 3.339170    6.307244  6.296806  0.010438 
 3.354177    5.811815  5.801442  0.010373 
 3.369185    5.354758  5.344447  0.010311 
 3.384192    4.947978  4.937726  0.010251 
 3.399200    4.593398  4.583204  0.010194 
 3.414207    4.287491  4.277353  0.010138 
 3.429215    4.024898  4.014813  0.010084 
 3.444222    3.800129  3.790097  0.010032 
 3.459230    3.608124  3.598144  0.009980 
 3.474237    3.444701  3.434772  0.009930 
 3.489245    3.306940  3.297059  0.009881 
 3.504252    3.192845  3.183012  0.009832 
 3.519260    3.100245  3.090460  0.009785 
 3.534267    3.025859  3.016121  0.009738 
 3.549275    2.965429  2.955736  0.009692 
 3.564282    2.914757  2.905110  0.009647 
 3.579290    2.870866  2.861263  0.009602 
 3.594297    2.832613  2.823055  0.009558 
 3.609305    2.800402  2.790887  0.009515 
 3.624312    2.774896  2.765424  0.009472 
 3.639320    2.755389  2.745960  0.009429 
 3.654327    2.738871  2.729484  0.009387 
 3.669335    2.720481  2.711135  0.009346 
 3.684342    2.695352  2.686047  0.009304 
 3.699350    2.660960  2.651697  0.009264 
 3.714357    2.618337  2.609114  0.009223 
 3.729365    2.571237  2.562054  0.009183 
 3.744372    2.524108  2.514965  0.009144 
 3.759380    2.480365  2.471261  0.009104 
 3.774387    2.441632  2.432567  0.009065 
 3.789395    2.407878  2.398851  0.009027 
 3.804402    2.378160  2.369172  0.008988 
 3.819410    2.351522  2.342571  0.008951 
 3.834417    2.327471  2.318558  0.008913 
 3.849425    2.305904  2.297028  0.008875 
 3.864432    2.286807  2.277968  0.008838 
 3.879440    2.270193  2.261391  0.008802 
 3.894447    2.256353  2.247588  0.008765 
 3.909455    2.246163  2.237434  0.008729 
 3.924462    2.241097  2.232404  0.008693 
 3.939470    2.242833  2.234176  0.008657 
 3.954477    2.252741  2.244120  0.008622 
 3.969485    2.271725  2.263139  0.008586 
 3.984492    2.300529  2.291977  0.008551 
 3.999500    2.340084  2.331567  0.008517 
 4.014507    2.391449  2.382967  0.008482 
 4.029515    2.455376  2.446928  0.008448 
 4.044522    2.531893  2.523480  0.008414 
 4.059530    2.619919  2.611539  0.008380 
 4.074537    2.716656  2.708310  0.008347 
 4.089545    2.816928  2.808615  0.008313 
 4.104552    2.913156  2.904876  0.008280 
 4.119560    2.996943  2.988696  0.008247 
 4.134567    3.062385  3.054170  0.008215 
 4.149575    3.109187  3.101004  0.008182 
 4.164582    3.142841  3.134692  0.008150 
 4.179590    3.171671  3.163553  0.008118 
 4.194597    3.203412  3.195326  0.008086 
 4.209605    3.243426  3.235372  0.008054 
 4.224612    3.294299  3.286276  0.008023 
 4.239620    3.355724  3.347732  0.007992 
 4.254627    3.424272  3.416311  0.007961 
 4.269635    3.493450  3.485520  0.007930 
 4.284642    3.554602  3.546702  0.007899 
 4.299650    3.598688  3.590819  0.007869 
 4.314657    3.618513  3.610674  0.007839 
 4.329665    3.610550  3.602742  0.007809 
 4.344672    3.575358  3.567579  0.007779 
 4.359680    3.516199  3.508450  0.007749 
 4.374687    3.436921  3.429201  0.007720 
 4.389695    3.340772  3.333082  0.007690 
 4.404702    3.230904  3.223243  0.007661 
 4.419710    3.111656  3.104024  0.007632 
 4.434717    2.988957  2.981354  0.007603 
 4.449725    2.869155  2.861580  0.007575 
 4.464732    2.757338  2.749792  0.007546 
 4.479740    2.656535  2.649017  0.007518 
 4.494747    2.567938  2.560448  0.007490 
 4.509755    2.491477  2.484015  0.007462 
 4.524762    2.426297  2.418863  0.007434 
 4.539770    2.371170  2.363764  0.007407 
 4.554777    2.324887  2.317507  0.007379 
 4.569785    2.286407  2.279054  0.007352 
 4.584792    2.254712  2.247387  0.007325 
 4.599800    2.228701  2.221403  0.007298 
 4.614807    2.207414  2.200143  0.007271 
 4.629815    2.190385  2.183141  0.007245 
 4.644822    2.177725  2.170507  0.007218 
 4.659830    2.169795  2.162603  0.007192 
 4.674837    2.166656  2.159490  0.007166 
 4.689845    2.167677  2.160538  0.007140 
 4.704852    2.171691  2.164577  0.007114 
 4.719860    2.177638  2.170549  0.007088 
 4.734867    2.185180  2.178117  0.007063 
 4.749875    2.194817  2.187780  0.007038 
 4.764882    2.207525  2.200512  0.007012 
 4.779890    2.224254  2.217266  0.006987 
 4.794897    2.245575  2.238613  0.006963 
 4.809905    2.271586  2.264649  0.006938 
 4.824912    2.301962  2.295049  0.006913 
 4.839920    2.335941  2.329052  0.006889 
 4.854927    2.372108  2.365244  0.006864 
 4.869935    2.408147  2.401307  0.006840 
 4.884942    2.440819  2.434003  0.006816 
 4.899950    2.466430  2.459637  0.006792 
 4.914957    2.481885  2.475116  0.006769 
 4.929965    2.485965  2.479220  0.006745 
 4.944972    2.479824  2.473102  0.006722 
 4.959980    2.466040  2.459342  0.006699 
 4.974987    2.446909  2.440234  0.006675 
 4.989995    2.423498  2.416845  0.006652 
 5.005003    2.396090  2.389461  0.006630 
 5.020010    2.365315  2.358708  0.006607 
 5.035018    2.332863  2.326279  0.006584 
 5.050025    2.301363  2.294801  0.006562 
 5.065033    2.273701  2.267161  0.006540 
 5.080040    2.252316  2.245798  0.006518 
 5.095048    2.238846  2.232350  0.006496 
 5.110055    2.234178  2.227704  0.006474 
 5.125063    2.238666  2.232214  0.006452 
 5.140070    2.252169  2.245738  0.006431 
 5.155078    2.273874  2.267464  0.006410 
 5.170085    2.302166  2.295777  0.006389 
 5.185093    2.334769  2.328401  0.006368 
 5.200100    2.369076  2.362729  0.006347 
 5.215108    2.402374  2.396048  0.006326 
 5.230115    2.431904  2.425599  0.006306 
 5.245123    2.455054  2.448768  0.006285 
 5.260130    2.469766  2.463501  0.006265 
 5.275138    2.474858  2.468613  0.006245 
 5.290145    2.470096  2.463870  0.006225 
 5.305153    2.456223  2.450018  0.006206 
 5.320160    2.434940  2.428754  0.006187 
 5.335168    2.408561  2.402393  0.006167 
 5.350175    2.379532  2.373384  0.006148 
 5.365183    2.350321  2.344192  0.006130 
 5.380190    2.323577  2.317466  0.006111 
 5.395198    2.301855  2.295762  0.006093 
 5.410205    2.286640  2.280565  0.006075 
 5.425213    2.277305  2.271247  0.006057 
 5.440220    2.270930  2.264891  0.006040 
 5.455228    2.263197  2.257174  0.006023 
 5.470235    2.249883  2.243877  0.006006 
 5.485243    2.228388  2.222398  0.005990 
 5.500250    2.198698  2.192725  0.005974 
 5.515258    2.163351  2.157393  0.005958 
 5.530265    2.126467  2.120524  0.005943 
 5.545273    2.092453  2.086525  0.005928 
 5.560280    2.064888  2.058974  0.005914 
 5.575288    2.045763  2.039862  0.005901 
 5.590295    2.035170  2.029282  0.005888 
 5.605303    2.031521  2.025645  0.005877 
 5.620310    2.032261  2.026395  0.005866 
 5.635318    2.034701  2.028845  0.005856 
 5.650325    2.036513  2.030665  0.005847 
 5.665333    2.035860  2.030019  0.005840 
 5.680340    2.031646  2.025811  0.005835 
 5.695348    2.023929  2.018098  0.005831 
 5.710355    2.014034  2.008205  0.005830 
 5.725363    2.004149  1.998318  0.005831 
 5.740370    1.996644  1.990809  0.005836 
 5.755378    1.993416  1.987572  0.005844 
 5.770385    1.995384  1.989526  0.005857 
 5.785393    2.002252  1.996375  0.005876 
 5.800400    2.012559  2.006657  0.005902 
 5.815408    2.023977  2.018040  0.005936 
 5.830415    2.033799  2.027819  0.005980 
 5.845423    2.039590  2.033554  0.006036 
 5.860430    2.039872  2.033766  0.006106 
 5.875438    2.034614  2.028424  0.006190 
 5.890445    2.025221  2.018933  0.006288 
 5.905453    2.014004  2.007607  0.006397 
 5.920460    2.003488  1.996981  0.006506 
 5.935468    1.995944  1.989342  0.006602 
 5.950475    1.993162  1.986499  0.006663 
 5.965483    1.996358  1.989684  0.006674 
 5.980490    2.006109  1.999482  0.006628 
 5.995498    2.022238  2.015707  0.006531 
 6.010505    2.043733  2.037330  0.006403 
 6.025513    2.069004  2.062744  0.006261 
 6.040520    2.096545  2.090424  0.006121 
 6.055528    2.125591  2.119599  0.005992 
 6.070535    2.156307  2.150431  0.005876 
 6.085543    2.189403  2.183627  0.005776 
 6.100550    2.225543  2.219854  0.005689 
 6.115558    2.264906  2.259292  0.005614 
 6.130565    2.306986  2.301437  0.005548 
 6.145573    2.350584  2.345092  0.005491 
 6.160580    2.394099  2.388658  0.005441 
 6.175588    2.436061  2.430664  0.005397 
 6.190595    2.475523  2.470165  0.005357 
 6.205603    2.512005  2.506683  0.005322 
 6.220610    2.545141  2.539851  0.005290 
 6.235618    2.574443  2.569183  0.005260 
 6.250625    2.599351  2.594118  0.005233 
 6.265633    2.619439  2.614231  0.005208 
 6.280640    2.634566  2.629381  0.005185 
 6.295648    2.644838  2.639674  0.005164 
 6.310655    2.650377  2.645233  0.005144 
 6.325663    2.650884  2.645758  0.005125 
 6.340670    2.645103  2.639995  0.005108 
 6.355678    2.630721  2.625629  0.005092 
 6.370685    2.605362  2.600285  0.005077 
 6.385693    2.568600  2.563537  0.005064 
 6.400700    2.523534  2.518483  0.005051 
 6.415708    2.476261  2.471221  0.005040 
 6.430715    2.433413  2.428382  0.005031 
 6.445723    2.399534  2.394512  0.005022 
 6.460730    2.375655  2.370639  0.005016 
 6.475738    2.359109  2.354098  0.005011 
 6.490745    2.344272  2.339265  0.005008 
 6.505753    2.324086  2.319079  0.005007 
 6.520760    2.292128  2.287120  0.005009 
 6.535768    2.244491  2.239477  0.005014 
 6.550775    2.180648  2.175626  0.005023 
 6.565783    2.103120  2.098084  0.005036 
 6.580790    2.016372  2.011318  0.005054 
 6.595798    1.925528  1.920449  0.005079 
 6.610805    1.835215  1.830104  0.005111 
 6.625813    1.748763  1.743611  0.005152 
 6.640820    1.667923  1.662718  0.005205 
 6.655828    1.593065  1.587795  0.005270 
 6.670835    1.523673  1.518322  0.005351 
 6.685843    1.458816  1.453368  0.005448 
 6.700850    1.397369  1.391808  0.005561 
 6.715858    1.337966  1.332279  0.005687 
 6.730865    1.278862  1.273047  0.005815 
 6.745873    1.218019  1.212089  0.005930 
 6.760880    1.153620  1.147610  0.006010 
 6.775888    1.084851  1.078816  0.006035 
 6.790895    1.012384  1.006389  0.005995 
 6.805903    0.938161  0.932264  0.005897 
 6.820910    0.864665  0.858905  0.005760 
 6.835918    0.794191  0.788586  0.005605 
 6.850925    0.728436  0.722986  0.005450 
 6.865933    0.668387  0.663081  0.005306 
 6.880940    0.614405  0.609227  0.005178 
 6.895948    0.566384  0.561317  0.005066 
 6.910955    0.523927  0.518957  0.004970 
 6.925963    0.486482  0.481595  0.004887 
 6.940970    0.453441  0.448626  0.004816 
 6.955978    0.424197  0.419443  0.004754 
 6.970985    0.398178  0.393478  0.004699 
 6.985993    0.374873  0.370222  0.004652 
 7.001001    0.353856  0.349247  0.004609 
 7.016008    0.334796  0.330225  0.004571 
 7.031016    0.317457  0.312920  0.004537 
 7.046023    0.301680  0.297174  0.004505 
 7.061031    0.287348  0.282872  0.004476 
 7.076038    0.274361  0.269912  0.004450 
 7.091046    0.262612  0.258187  0.004425 
 7.106053    0.251984  0.247582  0.004401 
 7.121061    0.242362  0.237983  0.004379 
 7.136068    0.233646  0.229287  0.004359 
 7.151076    0.225744  0.221405  0.004339 
 7.166083    0.218569  0.214249  0.004320 
 7.181091    0.212025  0.207723  0.004302 
 7.196098    0.205994  0.201710  0.004284 
 7.211106    0.200341  0.196074  0.004267 
 7.226113    0.194926  0.190675  0.004251 
 7.241121    0.189625  0.185390  0.004235 
 7.256128    0.184353  0.180134  0.004219 
 7.271136    0.179077  0.174873  0.004204 
 7.286143    0.173810  0.169621  0.004189 
 7.301151    0.168600  0.164425  0.004175 
 7.316158    0.163497  0.159337  0.004161 
 7.331166    0.158542  0.154395  0.004147 
 7.346173    0.153747  0.149614  0.004133 
 7.361181    0.149107  0.144988  0.004120 
 7.376188    0.144614  0.140507  0.004106 
 7.391196    0.140263  0.136169  0.004093 
 7.406203    0.136066  0.131986  0.004080 
 7.421211    0.132041  0.127974  0.004068 
 7.436218    0.128202  0.124147  0.004055 
 7.451226    0.124551  0.120509  0.004043 
 7.466233    0.121081  0.117050  0.004030 
 7.481241    0.117780  0.113762  0.004018 
 7.496248    0.114642  0.110636  0.004006 
 7.511256    0.111660  0.107666  0.003994 
 7.526263    0.108825  0.104842  0.003982 
 7.541271    0.106122  0.102151  0.003971 
 7.556278    0.103535  0.099576  0.003959 
 7.571286    0.101048  0.097101  0.003948 
 7.586293    0.098658  0.094721  0.003936 
 7.601301    0.096363  0.092438  0.003925 
 7.616308    0.094168  0.090254  0.003914 
 7.631316    0.092075  0.088172  0.003903 
 7.646323    0.090081  0.086189  0.003892 
 7.661331    0.088181  0.084300  0.003881 
 7.676338    0.086366  0.082496  0.003870 
 7.691346    0.084629  0.080770  0.003859 
 7.706353    0.082962  0.079113  0.003848 
 7.721361    0.081358  0.077521  0.003837 
 7.736368    0.079815  0.075988  0.003827 
 7.751376    0.078332  0.074515  0.003816 
 7.766383    0.076907  0.073102  0.003806 
 7.781391    0.075542  0.071747  0.003795 
 7.796398    0.074233  0.070449  0.003785 
 7.811406    0.072979  0.069204  0.003775 
 7.826413    0.071775  0.068011  0.003764 
 7.841421    0.070617  0.066863  0.003754 
 7.856428    0.069504  0.065760  0.003744 
 7.871436    0.068431  0.064697  0.003734 
 7.886443    0.067397  0.063673  0.003724 
 7.901451    0.066398  0.062685  0.003714 
 7.916458    0.065431  0.061728  0.003704 
 7.931466    0.064492  0.060798  0.003694 
 7.946473    0.063576  0.059892  0.003684 
 7.961481    0.062682  0.059008  0.003674 
 7.976488    0.061809  0.058145  0.003665 
 7.991496    0.060958  0.057303  0.003655 
 8.006503    0.060127  0.056482  0.003645 
 8.021511    0.059319  0.055684  0.003636 
 8.036518    0.058534  0.054908  0.003626 
 8.051526    0.057770  0.054153  0.003616 
 8.066533    0.057025  0.053418  0.003607 
 8.081541    0.056298  0.052700  0.003598 
 8.096548    0.055587  0.051999  0.003588 
 8.111556    0.054892  0.051313  0.003579 
 8.126563    0.054212  0.050642  0.003570 
 8.141571    0.053547  0.049986  0.003560 
 8.156578    0.052897  0.049346  0.003551 
 8.171586    0.052263  0.048721  0.003542 
 8.186593    0.051645  0.048112  0.003533 
 8.201601    0.051045  0.047521  0.003524 
 8.216608    0.050463  0.046948  0.003515 
 8.231616    0.049899  0.046393  0.003506 
 8.246623    0.049354  0.045857  0.003497 
 8.261631    0.048827  0.045339  0.003488 
 8.276638    0.048316  0.044837  0.003479 
 8.291646    0.047820  0.044350  0.003470 
 8.306653    0.047336  0.043875  0.003461 
 8.321661    0.046859  0.043407  0.003452 
 8.336668    0.046386  0.042943  0.003443 
 8.351676    0.045913  0.042479  0.003435 
 8.366683    0.045437  0.042010  0.003426 
 8.381691    0.044954  0.041537  0.003417 
 8.396698    0.044468  0.041059  0.003409 
 8.411706    0.043981  0.040581  0.003400 
 8.426713    0.043498  0.040106  0.003392 
 8.441721    0.043023  0.039640  0.003383 
 8.456728    0.042560  0.039185  0.003375 
 8.471736    0.042109  0.038743  0.003366 
 8.486743    0.041670  0.038312  0.003358 
 8.501751    0.041244  0.037894  0.003350 
 8.516758    0.040829  0.037487  0.003341 
 8.531766    0.040424  0.037091  0.003333 
 8.546773    0.040030  0.036705  0.003325 
 8.561781    0.039645  0.036328  0.003316 
 8.576788    0.039268  0.035960  0.003308 
 8.591796    0.038900  0.035600  0.003300 
 8.606803    0.038540  0.035248  0.003292 
 8.621811    0.038188  0.034904  0.003284 
 8.636818    0.037843  0.034567  0.003276 
 8.651826    0.037505  0.034238  0.003268 
 8.666833    0.037175  0.033916  0.003260 
 8.681841    0.036852  0.033600  0.003252 
 8.696848    0.036536  0.033292  0.003244 
 8.711856    0.036227  0.032991  0.003236 
 8.726863    0.035926  0.032698  0.003228 
 8.741871    0.035632  0.032412  0.003220 
 8.756878    0.035345  0.032133  0.003212 
 8.771886    0.035067  0.031863  0.003204 
 8.786893    0.034796  0.031599  0.003197 
 8.801901    0.034532  0.031344  0.003189 
 8.816908    0.034275  0.031094  0.003181 
 8.831916    0.034023  0.030850  0.003173 
 8.846923    0.033776  0.030611  0.003166 
 8.861931    0.033534  0.030376  0.003158 
 8.876938    0.033298  0.030148  0.003151 
 8.891946    0.033070  0.029927  0.003143 
 8.906953    0.032849  0.029714  0.003135 
 8.921961    0.032636  0.029508  0.003128 
 8.936968    0.032427  0.029307  0.003120 
 8.951976    0.032221  0.029108  0.003113 
 8.966983    0.032013  0.028907  0.003106 
 8.981991    0.031801  0.028703  0.003098 
 8.996998    0.031584  0.028493  0.003091 
 9.012006    0.031358  0.028275  0.003083 
 9.027014    0.031123  0.028047  0.003076 
 9.042021    0.030877  0.027808  0.003069 
 9.057029    0.030624  0.027562  0.003062 
 9.072036    0.030367  0.027312  0.003054 
 9.087044    0.030110  0.027063  0.003047 
 9.102051    0.029858  0.026818  0.003040 
 9.117059    0.029613  0.026580  0.003033 
 9.132066    0.029378  0.026353  0.003026 
 9.147074    0.029153  0.026135  0.003018 
 9.162081    0.028936  0.025925  0.003011 
 9.177089    0.028726  0.025722  0.003004 
 9.192096    0.028521  0.025523  0.002997 
 9.207104    0.028318  0.025328  0.002990 
 9.222111    0.028119  0.025136  0.002983 
 9.237119    0.027922  0.024946  0.002976 
 9.252126    0.027728  0.024758  0.002969 
 9.267134    0.027535  0.024573  0.002962 
 9.282141    0.027346  0.024390  0.002956 
 9.297149    0.027158  0.024209  0.002949 
 9.312156    0.026972  0.024030  0.002942 
 9.327164    0.026788  0.023853  0.002935 
 9.342171    0.026606  0.023677  0.002928 
 9.357179    0.026427  0.023505  0.002922 
 9.372186    0.026253  0.023338  0.002915 
 9.387194    0.026085  0.023177  0.002908 
 9.402201    0.025921  0.023020  0.002901 
 9.417209    0.025759  0.022864  0.002895 
 9.432216    0.025596  0.022708  0.002888 
 9.447224    0.025431  0.022549  0.002881 
 9.462231    0.025263  0.022389  0.002875 
 9.477239    0.025095  0.022227  0.002868 
 9.492246    0.024928  0.022066  0.002862 
 9.507254    0.024762  0.021907  0.002855 
 9.522261    0.024597  0.021748  0.002849 
 9.537269    0.024434  0.021591  0.002842 
 9.552276    0.024272  0.021436  0.002836 
 9.567284    0.024113  0.021283  0.002829 
 9.582291    0.023958  0.021135  0.002823 
 9.597299    0.023809  0.020992  0.002817 
 9.612306    0.023665  0.020855  0.002810 
 9.627314    0.023528  0.020724  0.002804 
 9.642321    0.023395  0.020597  0.002797 
 9.657329    0.023265  0.020474  0.002791 
 9.672336    0.023139  0.020354  0.002785 
 9.687344    0.023014  0.020236  0.002779 
 9.702351    0.022892  0.020120  0.002772 
 9.717359    0.022772  0.020006  0.002766 
 9.732366    0.022654  0.019894  0.002760 
 9.747374    0.022538  0.019784  0.002754 
 9.762381    0.022424  0.019677  0.002748 
 9.777389    0.022312  0.019570  0.002742 
 9.792396    0.022202  0.019466  0.002735 
 9.807404    0.022094  0.019365  0.002729 
 9.822411    0.021989  0.019265  0.002723 
 9.837419    0.021885  0.019168  0.002717 
 9.852426    0.021783  0.019072  0.002711 
 9.867434    0.021681  0.018975  0.002705 
 9.882441    0.021578  0.018878  0.002699 
 9.897449    0.021473  0.018780  0.002693 
 9.912456    0.021367  0.018680  0.002687 
 9.927464    0.021259  0.018578  0.002681 
 9.942471    0.021151  0.018476  0.002675 
 9.957479    0.021043  0.018373  0.002670 
 9.972486    0.020935  0.018271  0.002664 
 9.987494    0.020828  0.018171  0.002658 
 10.002501    0.020724  0.018072  0.002652 
 10.017509    0.020621  0.017975  0.002646 
 10.032516    0.020521  0.017880  0.002640 
 10.047524    0.020422  0.017787  0.002635 
 10.062531    0.020324  0.017695  0.002629 
 10.077539    0.020227  0.017604  0.002623 
 10.092546    0.020128  0.017511  0.002617 
 10.107554    0.020028  0.017416  0.002612 
 10.122561    0.019927  0.017321  0.002606 
 10.137569    0.019828  0.017227  0.002600 
 10.152576    0.019731  0.017136  0.002595 
 10.167584    0.019638  0.017049  0.002589 
 10.182591    0.019549  0.016965  0.002583 
 10.197599    0.019463  0.016886  0.002578 
 10.212606    0.019381  0.016808  0.002572 
 10.227614    0.019300  0.016733  0.002567 
 10.242621    0.019221  0.016659  0.002561 
 10.257629    0.019143  0.016588  0.002556 
 10.272636    0.019069  0.016518  0.002550 
 10.287644    0.018997  0.016452  0.002545 
 10.302651    0.018928  0.016389  0.002539 
 10.317659    0.018863  0.016329  0.002534 
 10.332666    0.018803  0.016275  0.002528 
 10.347674    0.018749  0.016226  0.002523 
 10.362681    0.018702  0.016185  0.002518 
 10.377689    0.018662  0.016149  0.002512 
 10.392696    0.018626  0.016119  0.002507 
 10.407704    0.018595  0.016093  0.002502 
 10.422711    0.018564  0.016068  0.002496 
 10.437719    0.018534  0.016043  0.002491 
 10.452726    0.018502  0.016016  0.002486 
 10.467734    0.018467  0.015986  0.002480 
 10.482741    0.018428  0.015953  0.002475 
 10.497749    0.018385  0.015915  0.002470 
 10.512756    0.018336  0.015871  0.002465 
 10.527764    0.018280  0.015821  0.002459 
 10.542771    0.018219  0.015765  0.002454 
 10.557779    0.018154  0.015704  0.002449 
 10.572786    0.018087  0.015643  0.002444 
 10.587794    0.018023  0.015585  0.002439 
 10.602801    0.017966  0.015532  0.002434 
 10.617809    0.017918  0.015490  0.002429 
 10.632816    0.017884  0.015461  0.002424 
 10.647824    0.017867  0.015448  0.002418 
 10.662831    0.017866  0.015453  0.002413 
 10.677839    0.017882  0.015474  0.002408 
 10.692846    0.017912  0.015508  0.002403 
 10.707854    0.017952  0.015553  0.002398 
 10.722861    0.017996  0.015602  0.002393 
 10.737869    0.018033  0.015645  0.002388 
 10.752876    0.018051  0.015668  0.002383 
 10.767884    0.018036  0.015657  0.002378 
 10.782891    0.017979  0.015606  0.002374 
 10.797899    0.017883  0.015514  0.002369 
 10.812906    0.017758  0.015394  0.002364 
 10.827914    0.017620  0.015261  0.002359 
 10.842921    0.017482  0.015128  0.002354 
 10.857929    0.017352  0.015003  0.002349 
 10.872936    0.017232  0.014888  0.002344 
 10.887944    0.017122  0.014782  0.002339 
 10.902951    0.017018  0.014684  0.002335 
 10.917959    0.016920  0.014591  0.002330 
 10.932966    0.016827  0.014502  0.002325 
 10.947974    0.016737  0.014416  0.002320 
 10.962981    0.016650  0.014335  0.002316 
 10.977989    0.016570  0.014260  0.002311 
 10.992996    0.016499  0.014193  0.002306 
 11.008004    0.016436  0.014135  0.002301 
 11.023012    0.016381  0.014084  0.002297 
 11.038019    0.016329  0.014037  0.002292 
 11.053027    0.016276  0.013989  0.002287 
 11.068034    0.016221  0.013938  0.002283 
 11.083042    0.016162  0.013884  0.002278 
 11.098049    0.016097  0.013824  0.002274 
 11.113057    0.016027  0.013758  0.002269 
 11.128064    0.015950  0.013685  0.002264 
 11.143072    0.015868  0.013608  0.002260 
 11.158079    0.015786  0.013531  0.002255 
 11.173087    0.015708  0.013458  0.002251 
 11.188094    0.015638  0.013392  0.002246 
 11.203102    0.015580  0.013338  0.002242 
 11.218109    0.015534  0.013297  0.002237 
 11.233117    0.015503  0.013270  0.002233 
 11.248124    0.015486  0.013257  0.002228 
 11.263132    0.015480  0.013257  0.002224 
 11.278139    0.015484  0.013265  0.002219 
 11.293147    0.015493  0.013278  0.002215 
 11.308154    0.015501  0.013290  0.002210 
 11.323162    0.015503  0.013297  0.002206 
 11.338169    0.015497  0.013295  0.002202 
 11.353177    0.015480  0.013282  0.002197 
 11.368184    0.015451  0.013258  0.002193 
 11.383192    0.015413  0.013224  0.002188 
 11.398199    0.015365  0.013181  0.002184 
 11.413207    0.015309  0.013130  0.002180 
 11.428214    0.015246  0.013071  0.002175 
 11.443222    0.015178  0.013007  0.002171 
 11.458229    0.015107  0.012940  0.002167 
 11.473237    0.015038  0.012876  0.002163 
 11.488244    0.014977  0.012819  0.002158 
 11.503252    0.014924  0.012770  0.002154 
 11.518259    0.014878  0.012728  0.002150 
 11.533267    0.014830  0.012684  0.002146 
 11.548274    0.014774  0.012632  0.002141 
 11.563282    0.014703  0.012566  0.002137 
 11.578289    0.014619  0.012486  0.002133 
 11.593297    0.014526  0.012397  0.002129 
 11.608304    0.014430  0.012305  0.002125 
 11.623312    0.014339  0.012219  0.002120 
 11.638319    0.014259  0.012142  0.002116 
 11.653327    0.014191  0.012079  0.002112 
 11.668334    0.014137  0.012029  0.002108 
 11.683342    0.014098  0.011995  0.002104 
 11.698349    0.014076  0.011977  0.002100 
 11.713357    0.014073  0.011977  0.002096 
 11.728364    0.014090  0.011999  0.002092 
 11.743372    0.014129  0.012042  0.002088 
 11.758379    0.014190  0.012106  0.002084 
 11.773387    0.014272  0.012192  0.002080 
 11.788394    0.014376  0.012300  0.002076 
 11.803402    0.014501  0.012430  0.002072 
 11.818409    0.014649  0.012582  0.002068 
 11.833417    0.014821  0.012757  0.002064 
 11.848424    0.015014  0.012954  0.002060 
 11.863432    0.015226  0.013171  0.002056 
 11.878439    0.015451  0.013399  0.002052 
 11.893447    0.015680  0.013632  0.002048 
 11.908454    0.015905  0.013862  0.002044 
 11.923462    0.016118  0.014079  0.002040 
 11.938469    0.016312  0.014276  0.002036 
 11.953477    0.016479  0.014447  0.002032 
 11.968484    0.016619  0.014590  0.002028 
 11.983492    0.016729  0.014705  0.002024 
 11.998499    0.016813  0.014793  0.002020 
 12.013507    0.016876  0.014860  0.002017 
 12.028514    0.016921  0.014908  0.002013 
 12.043522    0.016952  0.014943  0.002009 
 12.058529    0.016970  0.014965  0.002005 
 12.073537    0.016978  0.014977  0.002001 
 12.088544    0.016977  0.014980  0.001998 
 12.103552    0.016967  0.014973  0.001994 
 12.118559    0.016948  0.014958  0.001990 
 12.133567    0.016926  0.014939  0.001986 
 12.148574    0.016908  0.014926  0.001982 
 12.163582    0.016905  0.014926  0.001979 
 12.178589    0.016924  0.014949  0.001975 
 12.193597    0.016966  0.014995  0.001971 
 12.208604    0.017024  0.015057  0.001968 
 12.223612    0.017091  0.015127  0.001964 
 12.238619    0.017155  0.015195  0.001960 
 12.253627    0.017208  0.015252  0.001956 
 12.268634    0.017243  0.015290  0.001953 
 12.283642    0.017256  0.015307  0.001949 
 12.298649    0.017246  0.015300  0.001946 
 12.313657    0.017218  0.015276  0.001942 
 12.328664    0.017182  0.015244  0.001938 
 12.343672    0.017151  0.015217  0.001935 
 12.358679    0.017139  0.015208  0.001931 
 12.373687    0.017154  0.015227  0.001927 
 12.388694    0.017204  0.015280  0.001924 
 12.403702    0.017285  0.015365  0.001920 
 12.418709    0.017390  0.015473  0.001917 
 12.433717    0.017506  0.015593  0.001913 
 12.448724    0.017620  0.015710  0.001910 
 12.463732    0.017718  0.015812  0.001906 
 12.478739    0.017788  0.015885  0.001903 
 12.493747    0.017819  0.015920  0.001899 
 12.508754    0.017801  0.015906  0.001895 
 12.523762    0.017723  0.015831  0.001892 
 12.538769    0.017574  0.015686  0.001889 
 12.553777    0.017351  0.015466  0.001885 
 12.568784    0.017063  0.015181  0.001882 
 12.583792    0.016733  0.014855  0.001878 
 12.598799    0.016389  0.014514  0.001875 
 12.613807    0.016054  0.014183  0.001871 
 12.628814    0.015748  0.013880  0.001868 
 12.643822    0.015481  0.013616  0.001864 
 12.658829    0.015259  0.013398  0.001861 
 12.673837    0.015086  0.013228  0.001858 
 12.688844    0.014962  0.013107  0.001854 
 12.703852    0.014883  0.013032  0.001851 
 12.718859    0.014845  0.012998  0.001847 
 12.733867    0.014839  0.012994  0.001844 
 12.748874    0.014853  0.013012  0.001841 
 12.763882    0.014877  0.013039  0.001837 
 12.778889    0.014896  0.013062  0.001834 
 12.793897    0.014898  0.013068  0.001831 
 12.808904    0.014874  0.013046  0.001827 
 12.823912    0.014816  0.012992  0.001824 
 12.838919    0.014725  0.012905  0.001821 
 12.853927    0.014605  0.012788  0.001817 
 12.868934    0.014464  0.012650  0.001814 
 12.883942    0.014311  0.012500  0.001811 
 12.898949    0.014156  0.012349  0.001808 
 12.913957    0.014009  0.012204  0.001804 
 12.928964    0.013875  0.012074  0.001801 
 12.943972    0.013759  0.011961  0.001798 
 12.958979    0.013659  0.011864  0.001795 
 12.973987    0.013569  0.011778  0.001791 
 12.988994    0.013481  0.011692  0.001788 
 13.004002    0.013381  0.011596  0.001785 
 13.019010    0.013259  0.011478  0.001782 
 13.034017    0.013114  0.011335  0.001779 
 13.049025    0.012947  0.011171  0.001775 
 13.064032    0.012766  0.010994  0.001772 
 13.079040    0.012581  0.010812  0.001769 
 13.094047    0.012399  0.010633  0.001766 
 13.109055    0.012223  0.010460  0.001763 
 13.124062    0.012056  0.010296  0.001760 
 13.139070    0.011900  0.010144  0.001757 
 13.154077    0.011757  0.010004  0.001753 
 13.169085    0.011628  0.009878  0.001750 
 13.184092    0.011515  0.009768  0.001747 
 13.199100    0.011420  0.009676  0.001744 
 13.214107    0.011342  0.009601  0.001741 
 13.229115    0.011281  0.009543  0.001738 
 13.244122    0.011234  0.009499  0.001735 
 13.259130    0.011200  0.009468  0.001732 
 13.274137    0.011174  0.009446  0.001729 
 13.289145    0.011154  0.009428  0.001726 
 13.304152    0.011134  0.009411  0.001723 
 13.319160    0.011112  0.009392  0.001720 
 13.334167    0.011085  0.009369  0.001717 
 13.349175    0.011052  0.009338  0.001714 
 13.364182    0.011013  0.009302  0.001711 
 13.379190    0.010968  0.009261  0.001708 
 13.394197    0.010920  0.009215  0.001705 
 13.409205    0.010869  0.009168  0.001702 
 13.424212    0.010816  0.009118  0.001699 
 13.439220    0.010760  0.009064  0.001696 
 13.454227    0.010699  0.009006  0.001693 
 13.469235    0.010634  0.008944  0.001690 
 13.484242    0.010567  0.008880  0.001687 
 13.499250    0.010499  0.008815  0.001684 
 13.514257    0.010433  0.008752  0.001681 
 13.529265    0.010371  0.008692  0.001678 
 13.544272    0.010312  0.008637  0.001675 
 13.559280    0.010259  0.008587  0.001672 
 13.574287    0.010211  0.008541  0.001669 
 13.589295    0.010168  0.008501  0.001667 
 13.604302    0.010131  0.008467  0.001664 
 13.619310    0.010102  0.008441  0.001661 
 13.634317    0.010081  0.008423  0.001658 
 13.649325    0.010068  0.008413  0.001655 
 13.664332    0.010063  0.008411  0.001652 
 13.679340    0.010063  0.008414  0.001649 
 13.694347    0.010065  0.008418  0.001647 
 13.709355    0.010064  0.008420  0.001644 
 13.724362    0.010055  0.008415  0.001641 
 13.739370    0.010039  0.008401  0.001638 
 13.754377    0.010014  0.008379  0.001635 
 13.769385    0.009984  0.008351  0.001633 
 13.784392    0.009948  0.008319  0.001630 
 13.799400    0.009910  0.008283  0.001627 
 13.814407    0.009868  0.008244  0.001624 
 13.829415    0.009823  0.008201  0.001621 
 13.844422    0.009774  0.008156  0.001619 
 13.859430    0.009722  0.008106  0.001616 
 13.874437    0.009666  0.008053  0.001613 
 13.889445    0.009605  0.007995  0.001610 
 13.904452    0.009536  0.007929  0.001608 
 13.919460    0.009459  0.007854  0.001605 
 13.934467    0.009373  0.007771  0.001602 
 13.949475    0.009283  0.007684  0.001599 
 13.964482    0.009192  0.007595  0.001597 
 13.979490    0.009104  0.007510  0.001594 
 13.994497    0.009020  0.007428  0.001591 
 14.009505    0.008939  0.007350  0.001589 
 14.024512    0.008859  0.007273  0.001586 
 14.039520    0.008780  0.007196  0.001583 
 14.054527    0.008700  0.007119  0.001581 
 14.069535    0.008620  0.007042  0.001578 
 14.084542    0.008543  0.006968  0.001575 
 14.099550    0.008470  0.006897  0.001573 
 14.114557    0.008401  0.006831  0.001570 
 14.129565    0.008338  0.006771  0.001567 
 14.144572    0.008281  0.006716  0.001565 
 14.159580    0.008230  0.006668  0.001562 
 14.174587    0.008188  0.006628  0.001560 
 14.189595    0.008153  0.006596  0.001557 
 14.204602    0.008126  0.006571  0.001554 
 14.219610    0.008105  0.006554  0.001552 
 14.234617    0.008090  0.006541  0.001549 
 14.249625    0.008078  0.006532  0.001547 
 14.264632    0.008069  0.006525  0.001544 
 14.279640    0.008061  0.006519  0.001541 
 14.294647    0.008053  0.006514  0.001539 
 14.309655    0.008043  0.006507  0.001536 
 14.324662    0.008029  0.006496  0.001534 
 14.339670    0.008010  0.006478  0.001531 
 14.354677    0.007983  0.006455  0.001529 
 14.369685    0.007951  0.006425  0.001526 
 14.384692    0.007914  0.006390  0.001524 
 14.399700    0.007874  0.006353  0.001521 
 14.414707    0.007834  0.006315  0.001519 
 14.429715    0.007794  0.006278  0.001516 
 14.444722    0.007755  0.006242  0.001514 
 14.459730    0.007718  0.006207  0.001511 
 14.474737    0.007681  0.006172  0.001509 
 14.489745    0.007645  0.006139  0.001506 
 14.504752    0.007609  0.006106  0.001504 
 14.519760    0.007574  0.006073  0.001501 
 14.534767    0.007540  0.006041  0.001499 
 14.549775    0.007506  0.006009  0.001496 
 14.564782    0.007473  0.005979  0.001494 
 14.579790    0.007440  0.005949  0.001491 
 14.594797    0.007407  0.005918  0.001489 
 14.609805    0.007372  0.005885  0.001487 
 14.624812    0.007334  0.005850  0.001484 
 14.639820    0.007296  0.005814  0.001482 
 14.654827    0.007258  0.005778  0.001479 
 14.669835    0.007222  0.005745  0.001477 
 14.684842    0.007193  0.005718  0.001475 
 14.699850    0.007171  0.005699  0.001472 
 14.714857    0.007157  0.005687  0.001470 
 14.729865    0.007151  0.005684  0.001467 
 14.744872    0.007151  0.005686  0.001465 
 14.759880    0.007153  0.005690  0.001463 
 14.774887    0.007154  0.005694  0.001460 
 14.789895    0.007149  0.005691  0.001458 
 14.804902    0.007131  0.005676  0.001456 
 14.819910    0.007096  0.005643  0.001453 
 14.834917    0.007042  0.005591  0.001451 
 14.849925    0.006969  0.005520  0.001448 
 14.864932    0.006883  0.005437  0.001446 
 14.879940    0.006792  0.005349  0.001444 
 14.894947    0.006702  0.005260  0.001442 
 14.909955    0.006615  0.005176  0.001439 
 14.924962    0.006535  0.005098  0.001437 
 14.939970    0.006462  0.005028  0.001435 
 14.954977    0.006397  0.004964  0.001432 
 14.969985    0.006338  0.004908  0.001430 
 14.984992    0.006285  0.004857  0.001428 
 15.000000    0.006238  0.004812  0.001425 
