 0.00000117126741  0.04765596 0
 0.00000234253481  0.09531180 0
 0.00000351380222  0.10291955 0
 0.00000468506962  0.11052729 0
 0.00000585633703  0.11813500 0
 0.00000702760443  0.12574269 0
 0.00000819887184  0.13335038 0
 0.00000937013924  0.14095807 0
 0.00001054140665  0.14856575 0
 0.00001171267405  0.15617342 0
 0.00001288394146  0.16378109 0
 0.00001405520886  0.17138875 0
 0.00001522647627  0.17899641 0
 0.00001639774367  0.18660406 0
 0.00001756901108  0.19421170 0
 0.00001874027848  0.20181935 0
 0.00001991154589  0.20942699 0
 0.00002108281329  0.21703463 0
 0.00002225408070  0.22464225 0
 0.00002342534810  0.23224987 0
 0.00002459661551  0.23985747 0
 0.00002576788291  0.24746508 0
 0.00002693915032  0.25507268 0
 0.00002811041772  0.26268027 0
 0.00002928168513  0.27028786 0
 0.00003045295253  0.27789543 0
 0.00003162421994  0.28212830 0
 0.00003279548734  0.28636116 0
 0.00003396675475  0.29059399 0
 0.00003513802215  0.29482681 0
 0.00003630928956  0.29905963 0
 0.00003748055696  0.30329245 0
 0.00003865182437  0.30752527 0
 0.00003982309177  0.31175808 0
 0.00004099435918  0.31599088 0
 0.00004216562658  0.32022368 0
 0.00004333689399  0.32445647 0
 0.00004450816139  0.32868925 0
 0.00004567942880  0.33292202 0
 0.00004685069620  0.33715479 0
 0.00004802196361  0.34138754 0
 0.00004919323101  0.34562029 0
 0.00005036449842  0.34985304 0
 0.00005153576582  0.35408578 0
 0.00005270703323  0.35831850 0
 0.00005387830063  0.36255122 0
 0.00005504956804  0.36678392 0
 0.00005622083544  0.37101663 0
 0.00005739210285  0.37524931 0
 0.00005856337025  0.37948199 0
 0.00005973463766  0.38308890 0
 0.00006090590506  0.38669580 0
 0.00006207717247  0.39030267 0
 0.00006324843987  0.39390954 0
 0.00006441970728  0.39751639 0
 0.00006559097468  0.40112325 0
 0.00006676224209  0.40473010 0
 0.00006793350949  0.40833692 0
 0.00006910477690  0.41194370 0
 0.00007027604430  0.41555047 0
 0.00007144731171  0.41915723 0
 0.00007261857911  0.42276395 0
 0.00007378984652  0.42437916 0
 0.00007496111392  0.42599437 0
 0.00007613238133  0.42760958 0
 0.00007730364873  0.42922478 0
 0.00007847491614  0.43083999 0
 0.00007964618354  0.43245519 0
 0.00008081745095  0.43407039 0
 0.00008198871835  0.43568558 0
 0.00008315998576  0.43730078 0
 0.00008433125316  0.43891598 0
 0.00008550252057  0.44053117 0
 0.00008667378797  0.44214637 0
 0.00008784505538  0.44376156 0
 0.00008901632278  0.44537675 0
 0.00009018759019  0.44699194 0
 0.00009135885759  0.44860713 0
 0.00009253012500  0.45022232 0
 0.00009370139240  0.45183750 0
 0.00009487265981  0.45345268 0
 0.00009604392721  0.45506786 0
 0.00009721519462  0.45668303 0
 0.00009838646202  0.45829821 0
 0.00009955772943  0.45991339 0
 0.00010072899683  0.46152856 0
 0.00010190026424  0.46300177 0
 0.00010307153164  0.46447498 0
 0.00010424279905  0.46594819 0
 0.00010541406645  0.46742140 0
 0.00010658533386  0.46889461 0
 0.00010775660126  0.47036781 0
 0.00010892786867  0.47184102 0
 0.00011009913607  0.47331422 0
 0.00011127040348  0.47478743 0
 0.00011244167088  0.47626063 0
 0.00011361293829  0.47773383 0
 0.00011478420569  0.47920704 0
 0.00011595547310  0.48050615 1
 0.00017217630854  0.54277968 0
 0.00017451884335  0.54521017 0
 0.00017686137816  0.54764066 0
 0.00017920391297  0.55007114 0
 0.00018154644778  0.55250162 0
 0.00018388898259  0.55493209 0
 0.00018623151740  0.55736256 0
 0.00018857405221  0.55979302 0
 0.00019091658702  0.56222348 0
 0.00019325912183  0.56465393 0
 0.00019560165664  0.56708437 0
 0.00019794419145  0.56951481 0
 0.00020028672626  0.57176720 0
 0.00020262926107  0.57384155 0
 0.00020497179588  0.57591590 0
 0.00020731433069  0.57799023 0
 0.00020965686550  0.58006457 0
 0.00021199940031  0.58213890 0
 0.00021434193512  0.58421322 0
 0.00021668446993  0.58628753 0
 0.00021902700474  0.58836184 0
 0.00022136953955  0.59043614 0
 0.00022371207436  0.59251043 0
 0.00022605460917  0.59458472 0
 0.00022839714398  0.59649606 0
 0.00023073967879  0.59824444 0
 0.00023308221360  0.59999282 0
 0.00023542474841  0.60174119 0
 0.00023893855063  0.60436374 0
 0.00024245235284  0.60698629 0
 0.00024596615506  0.60960883 0
 0.00024947995727  0.61223136 0
 0.00025299375949  0.61485387 0
 0.00025650756170  0.61710799 0
 0.00026002136392  0.61862533 0
 0.00026353516613  0.62003655 0
 0.00026704896835  0.62144777 0
 0.00027056277056  0.62285897 0
 0.00027407657278  0.62427017 0
 0.00027759037499  0.62568135 0
 0.00028110417721  0.62709253 0
 0.00028461797942  0.62850368 0
 0.00028813178164  0.62991483 0
 0.00029164558385  0.63108933 0
 0.00029515938607  0.63226381 0
 0.00029867318828  0.63343830 0
 0.00030218699050  0.63461278 0
 0.00030570079271  0.63578726 0
 0.00030921459493  0.63696174 0
 0.00031272839714  0.63813621 0
 0.00031624219936  0.63931068 0
 0.00031975600157  0.64048515 0
 0.00032326980379  0.64165962 0
 0.00032678360600  0.64283408 0
 0.00033029740822  0.64400853 0
 0.00033381121043  0.64518298 0
 0.00033732501265  0.64635742 0
 0.00034083881486  0.64753186 0
 0.00034435261708  0.64870630 0
 0.00045796555537  0.68053390 0
 0.00046265062499  0.68159992 0
 0.00046733569461  0.68266594 0
 0.00047202076423  0.68373195 0
 0.00047787710125  0.68506446 0
 0.00048373343828  0.68639697 0
 0.00048958977530  0.68772946 0
 0.00049544611233  0.68906195 0
 0.00050130244935  0.69039441 0
 0.00050715878638  0.69172686 0
 0.00051301512340  0.69305930 0
 0.00079529056802  0.74692022 0
 0.00080348943985  0.74834871 0
 0.00081168831169  0.74977718 0
 0.00081988718352  0.75120562 0
 0.00104828432751  0.78879612 0
 0.00105882573415  0.79017650 0
 0.00107053840820  0.79171023 0
 0.00108225108225  0.79324396 0
 0.00109396375630  0.79477766 0
 0.00127316766927  0.81638136 0
 0.00128605161073  0.81788060 0
 0.00130010681959  0.81951609 0
 0.00131416202845  0.82093929 0
 0.00132821723731  0.82236246 0
 0.00189159685913  0.86345179 0
 0.00191150840501  0.86472855 0
 0.00193141995090  0.86600530 0
 0.00200403853001  0.87036621 0
 0.00202512134330  0.87141802 0
 0.00208836978317  0.87440310 0
 0.00210945259647  0.87522569 0
 0.00211648020090  0.87549729 2
 0.00369066359326  0.91904449 0
 0.00383121568187  0.92128700 0
 0.00386986750623  0.92183910 0
 0.00399987818819  0.92358522 0
 0.00404087254737  0.92412800 0
 0.00501185322614  0.93502303 0
 0.01142805607091  0.97346732 0
 0.01170916024812  0.97450395 0
 0.01235569985570  0.97627988 0
 0.01623493750117  0.98326938 3
 0.01640360000750  0.98348898 0
 0.01665659376698  0.98381017 0
 0.02963423661476  0.99250469 0
 0.05309238020277  0.99748208 0
 0.06076652424055  0.99809590 0
 0.06526419107588  0.99832853 4
 0.13627110623864  0.99972171 0
 0.18211919754128  0.99988968 5
 0.34234857854988  0.99999329 6
 0.34430225258147  0.99999349 0
 0.34560821573809  0.99999363 0
 0.99990161353798  1.00000000 6
 0.99994495043196  1.00000000 1
 0.99998125972152  1.00000000 5
 0.99999765746519  1.00000000 2
 0.99999882873259  1.00000000 3
 1.00000000000000  1.00000000 4
