 0.00000117126741  0.06229012 0
 0.00000234253481  0.12458023 0
 0.00000351380222  0.12939507 0
 0.00000468506962  0.13420989 0
 0.00000585633703  0.13902471 0
 0.00000702760443  0.14383952 0
 0.00000819887184  0.14865433 0
 0.00000937013924  0.15346915 0
 0.00001054140665  0.15828395 0
 0.00001171267405  0.16309875 0
 0.00001288394146  0.16791356 0
 0.00001522647627  0.17754315 0
 0.00001756901108  0.18717274 0
 0.00001991154589  0.19680232 0
 0.00002225408070  0.20643188 0
 0.00002459661551  0.21606142 0
 0.00002811041772  0.23050569 0
 0.00003162421994  0.24384341 0
 0.00003513802215  0.25496810 0
 0.00003982309177  0.26980092 0
 0.00004450816139  0.28463366 0
 0.00004919323101  0.29504517 0
 0.00005504956804  0.30805937 0
 0.00006090590506  0.32050467 0
 0.00006793350949  0.33247603 0
 0.00006910477690  0.33381389 1
 0.00007730364873  0.34317889 1
 0.00008550252057  0.35254389 1
 0.00009487265981  0.36324674 1
 0.00010541406645  0.37528744 1
 0.00011712674050  0.38866599 1
 0.00013001068196  0.40253638 1
 0.00014406589082  0.41656024 1
 0.00015343603006  0.42580019 0
 0.00016983377373  0.44063145 0
 0.00018857405221  0.45629911 0
 0.00020848559810  0.47119427 0
 0.00023073967879  0.48784158 0
 0.00025533629430  0.50577320 0
 0.00028227544461  0.52385761 0
 0.00031272839714  0.54029591 0
 0.00034552388448  0.55165944 0
 0.00038183317404  0.56285088 0
 0.00042282753322  0.57483793 0
 0.00046733569461  0.58713381 0
 0.00051652892562  0.59982552 0
 0.00057157849366  0.61234140 0
 0.00063248439872  0.62349189 0
 0.00063834073574  0.62448025 1
 0.00070627424524  0.63324756 1
 0.00078123535916  0.64235679 1
 0.00080700324207  0.64548270 0
 0.00086439534491  0.65219410 1
 0.00095575420251  0.66287523 1
 0.00105648319934  0.67446197 1
 0.00108810741928  0.67808035 0
 0.00116775360282  0.68657622 1
 0.00129073668035  0.69842487 1
 0.00142660369933  0.71059514 1
 0.00157652592718  0.72339739 1
 0.00159409493825  0.72487778 0
 0.00174284589869  0.73632312 1
 0.00176275744458  0.73778519 0
 0.00194547515976  0.75060173 1
 0.00215044695564  0.76394961 1
 0.00237650156481  0.77698382 1
 0.00242335226101  0.77943363 0
 0.00262715278949  0.78770553 1
 0.00290357189708  0.79716495 1
 0.00315422312176  0.80502238 0
 0.00316827833062  0.80543107 2
 0.00328072000150  0.80864393 1
 0.00358993459643  0.81705963 2
 0.00370237626731  0.82002020 1
 0.00398348044452  0.82727668 2
 0.00409240831319  0.83004958 1
 0.00440279417552  0.83776706 2
 0.00443324712805  0.83849732 0
 0.00452343471824  0.84064740 1
 0.00496734506475  0.85064729 0
 0.00496968759956  0.85069718 2
 0.00522268135904  0.85606400 1
 0.00577200577201  0.86728449 1
 0.00578488971346  0.86753185 2
 0.00620654597927  0.87498042 0
 0.00637989355522  0.87771291 1
 0.00705102977830  0.88662457 1
 0.00779361331309  0.89513891 1
 0.00861350049662  0.90275075 1
 0.00952006146811  0.90997177 1
 0.00990306590956  0.91261289 2
 0.01052149509942  0.91631549 1
 0.01125236596016  0.92013180 2
 0.01162834279717  0.92180604 1
 0.01164591180825  0.92188020 0
 0.01260166601076  0.92569322 2
 0.01293899102341  0.92696943 1
 0.01316387436517  0.92779884 0
 0.01392754071325  0.93055772 2
 0.01430000374806  0.93186637 1
 0.01539279623695  0.93549637 2
 0.01618574427016  0.93797340 1
 0.01646684844737  0.93880822 3
 0.01703842694102  0.94045058 2
 0.01799418114353  0.94313239 1
 0.01883046607073  0.94531333 2
 0.01988694927007  0.94793432 1
 0.01993379996627  0.94804829 0
 0.02081107925264  0.95013346 2
 0.02242157193456  0.95372108 1
 0.02300017803265  0.95493803 2
 0.02478284702311  0.95844586 1
 0.02542001649145  0.95961492 2
 0.02739711587114  0.96282301 1
 0.02809401997714  0.96382870 2
 0.03093902850396  0.96739045 1
 0.03105147017485  0.96752125 2
 0.03431813496749  0.97103481 2
 0.03439660988362  0.97111392 3
 0.03453716197223  0.97125429 1
 0.03792798110980  0.97428941 2
 0.03817043346264  0.97449201 1
 0.03841639961770  0.97469421 3
 0.04191731789134  0.97729395 2
 0.04288595603531  0.97793308 3
 0.04429147692135  0.97881343 1
 0.04434769775679  0.97884814 0
 0.04435355409381  0.97885174 0
 0.04632596840389  0.98002473 2
 0.04739650681209  0.98063947 3
 0.04894960739117  0.98149985 1
 0.05152288188002  0.98282840 2
 0.05250674650025  0.98330277 3
 0.05409849890369  0.98403100 1
 0.05694233616312  0.98522993 2
 0.05863481756339  0.98589533 3
 0.06071498847473  0.98667384 1
 0.06293102640505  0.98743676 2
 0.06721786510748  0.98869001 1
 0.06954985851090  0.98926717 2
 0.06991646520867  0.98935063 3
 0.07472334663893  0.99032259 1
 0.07691595922115  0.99070671 2
 0.07726968197747  0.99076585 3
 0.08310025111973  0.99167391 1
 0.08506798036019  0.99195280 2
 0.08546152620828  0.99200674 3
 0.09243290980304  0.99289466 1
 0.09401529206724  0.99308070 2
 0.09499095781563  0.99319313 3
 0.10356463522048  0.99410430 1
 0.10390313150053  0.99413726 2
 0.10498186878057  0.99424136 3
 0.11483691272652  0.99509667 2
 0.11553967316954  0.99515263 1
 0.11602340660782  0.99519092 3
 0.11840693577707  0.99537406 4
 0.12692439234647  0.99597376 2
 0.12822567043346  0.99605845 3
 0.13316490508049  0.99635955 1
 0.14027684076385  0.99674499 2
 0.14187913457394  0.99682480 3
 0.15005926613069  0.99719404 1
 0.15503012499766  0.99738750 2
 0.15686198721913  0.99745405 3
 0.16599787297839  0.99776072 1
 0.17142318359851  0.99792123 2
 0.17254760030734  0.99795262 4
 0.17335928861903  0.99797505 3
 0.18404476115515  0.99824920 1
 0.18945250276419  0.99837087 2
 0.19118480725624  0.99840782 4
 0.19159240831319  0.99841641 3
 0.20945657877476  0.99874649 2
 0.21129195479845  0.99877610 4
 0.21187407469875  0.99878532 3
 0.22176894173647  0.99893154 1
 0.23177625044508  0.99906075 2
 0.23357531717921  0.99908204 4
 0.23469973388805  0.99909511 3
 0.24854411461554  0.99923621 1
 0.25649936283053  0.99930397 2
 0.25860764415959  0.99932097 4
 0.25938419444913  0.99932712 3
 0.27479924476678  0.99943733 1
 0.28347599370327  0.99948975 2
 0.28611368789940  0.99950457 4
 0.28687266917786  0.99950876 3
 0.30394974794325  0.99959357 1
 0.31359162122149  0.99963525 2
 0.31662754633534  0.99964756 4
 0.31710542343659  0.99964947 3
 0.34657334007983  0.99975149 2
 0.35003677779652  0.99976181 4
 0.35045609152752  0.99976304 3
 0.35360680084706  0.99977209 5
 0.36088739903675  0.99979159 1
 0.38308057382733  0.99984081 2
 0.38695981147280  0.99984819 4
 0.38740957815633  0.99984902 3
 0.40302491520024  0.99987481 1
 0.42336983002567  0.99990120 2
 0.42765666872810  0.99990589 4
 0.42815445737524  0.99990642 3
 0.45051746593954  0.99992760 5
 0.46829730514795  0.99994082 2
 0.47285119281873  0.99994379 4
 0.47318383276175  0.99994400 3
 0.48174814002736  0.99994917 6
 0.50024713742246  0.99995894 5
 0.51973468450741  0.99996759 2
 0.52270736118139  0.99996875 4
 0.52294981353423  0.99996885 3
 0.52390205393452  0.99996921 1
 0.57473974438260  0.99998368 2
 0.57777566949645  0.99998430 4
 0.57794901707239  0.99998434 3
 0.58875278761642  0.99998640 1
 0.60646235078053  0.99998931 5
 0.63779141133037  0.99999317 2
 0.63857850302655  0.99999325 4
 0.63902826971009  0.99999330 3
 0.65997053091209  0.99999515 1
 0.67285915743708  0.99999604 5
 0.68227614737355  0.99999660 6
 0.70617703004067  0.99999769 4
 0.70628947171155  0.99999770 3
 0.70632460973370  0.99999770 2
 0.74485696482450  0.99999883 5
 0.77184296583647  0.99999931 6
 0.78049980322708  0.99999942 4
 0.78061575870017  0.99999943 3
 0.78218994209254  0.99999944 2
 0.78859911733288  0.99999952 1
 0.82491777702817  0.99999979 5
 0.86258573677405  0.99999993 4
 0.86286684095126  0.99999993 3
 0.86680229943217  0.99999994 2
 0.88800223946328  0.99999997 1
 0.91189140945634  0.99999999 5
 0.92915120593692  1.00000000 6
 0.95330508236352  1.00000000 4
 0.95408280392047  1.00000000 3
 0.96988788628399  1.00000000 2
 0.98483677217443  1.00000000 1
 0.99088402578662  1.00000000 6
 0.99991449747943  1.00000000 1
 0.99995080676899  1.00000000 2
 0.99999297239557  1.00000000 5
 0.99999765746519  1.00000000 3
 1.00000000000000  1.00000000 4
