 0.00000117126741  0.06229012 0
 0.00000234253481  0.12458023 0
 0.00000351380222  0.12939507 0
 0.00000468506962  0.13420989 0
 0.00000585633703  0.13902471 0
 0.00000702760443  0.14383952 0
 0.00000819887184  0.14865433 0
 0.00000937013924  0.15346915 0
 0.00001054140665  0.15828395 0
 0.00001171267405  0.16309875 0
 0.00001288394146  0.16791356 0
 0.00001405520886  0.17272835 0
 0.00001522647627  0.17754315 0
 0.00001639774367  0.18235795 0
 0.00001756901108  0.18717274 0
 0.00001874027848  0.19198753 0
 0.00001991154589  0.19680232 0
 0.00002108281329  0.20161711 0
 0.00002225408070  0.20643188 0
 0.00002342534810  0.21124665 0
 0.00002459661551  0.21606142 0
 0.00002576788291  0.22087619 0
 0.00002693915032  0.22569095 0
 0.00002811041772  0.23050569 0
 0.00002928168513  0.23532043 0
 0.00003045295253  0.24013517 0
 0.00003162421994  0.24384341 0
 0.00003279548734  0.24755165 0
 0.00003396675475  0.25125988 0
 0.00003513802215  0.25496810 0
 0.00003630928956  0.25867631 0
 0.00003748055696  0.26238452 0
 0.00003865182437  0.26609272 0
 0.00003982309177  0.26980092 0
 0.00004099435918  0.27350911 0
 0.00004216562658  0.27721730 0
 0.00004333689399  0.28092548 0
 0.00004450816139  0.28463366 0
 0.00004567942880  0.28723654 0
 0.00004685069620  0.28983942 0
 0.00004802196361  0.29244230 0
 0.00004919323101  0.29504517 0
 0.00005036449842  0.29764803 0
 0.00005153576582  0.30025088 0
 0.00005270703323  0.30285372 0
 0.00005387830063  0.30545656 0
 0.00005504956804  0.30805937 0
 0.00005622083544  0.31066218 0
 0.00005739210285  0.31326497 0
 0.00005856337025  0.31586775 0
 0.00005973463766  0.31818621 0
 0.00006090590506  0.32050467 0
 0.00006207717247  0.32282310 0
 0.00006324843987  0.32514153 0
 0.00006441970728  0.32745990 0
 0.00006559097468  0.32977825 0
 0.00006676224209  0.33112714 0
 0.00006793350949  0.33247603 0
 0.00006910477690  0.33381389 1
 0.00015343603006  0.42580019 0
 0.00015577856487  0.42791896 0
 0.00015812109968  0.43003772 0
 0.00016046363449  0.43215647 0
 0.00016280616930  0.43427522 0
 0.00016514870411  0.43639396 0
 0.00016749123892  0.43851271 0
 0.00016983377373  0.44063145 0
 0.00017217630854  0.44275020 0
 0.00017451884335  0.44486894 0
 0.00017686137816  0.44698767 0
 0.00017920391297  0.44910640 0
 0.00018154644778  0.45104196 0
 0.00018388898259  0.45279434 0
 0.00018623151740  0.45454673 0
 0.00018857405221  0.45629911 0
 0.00019091658702  0.45805149 0
 0.00019325912183  0.45980387 0
 0.00019560165664  0.46155624 0
 0.00019794419145  0.46330861 0
 0.00020028672626  0.46506098 0
 0.00020262926107  0.46681335 0
 0.00020497179588  0.46856572 0
 0.00020731433069  0.47031808 0
 0.00020965686550  0.47207045 0
 0.00021199940031  0.47382281 0
 0.00021434193512  0.47557517 0
 0.00021668446993  0.47732753 0
 0.00021902700474  0.47907988 0
 0.00022136953955  0.48083223 0
 0.00022371207436  0.48258457 0
 0.00022605460917  0.48433691 0
 0.00022839714398  0.48608925 0
 0.00023073967879  0.48784158 0
 0.00023308221360  0.48959392 0
 0.00023542474841  0.49134624 0
 0.00023893855063  0.49391627 0
 0.00024245235284  0.49645705 0
 0.00024596615506  0.49899783 0
 0.00024947995727  0.50153860 0
 0.00025299375949  0.50407936 0
 0.00025650756170  0.50662012 0
 0.00026002136392  0.50916086 0
 0.00026353516613  0.51170160 0
 0.00026704896835  0.51405640 0
 0.00027056277056  0.51631824 0
 0.00027407657278  0.51858007 0
 0.00027759037499  0.52084188 0
 0.00028110417721  0.52310368 0
 0.00028461797942  0.52536547 0
 0.00028813178164  0.52762725 0
 0.00029164558385  0.52988903 0
 0.00029515938607  0.53183332 0
 0.00029867318828  0.53361885 0
 0.00030218699050  0.53540438 0
 0.00030570079271  0.53718991 0
 0.00030921459493  0.53878942 0
 0.00031272839714  0.54029591 0
 0.00031624219936  0.54180240 0
 0.00031975600157  0.54330887 0
 0.00032326980379  0.54455850 0
 0.00032678360600  0.54567970 0
 0.00033029740822  0.54680091 0
 0.00033381121043  0.54792211 0
 0.00033732501265  0.54904331 0
 0.00034083881486  0.55016451 0
 0.00034435261708  0.55128571 0
 0.00034786641929  0.55240690 0
 0.00035138022151  0.55350900 0
 0.00035606529113  0.55496573 0
 0.00036075036075  0.55642245 0
 0.00036543543037  0.55786332 0
 0.00037012049999  0.55928835 0
 0.00037480556961  0.56071336 0
 0.00037949063923  0.56213838 0
 0.00038417570885  0.56356339 0
 0.00038886077847  0.56498839 0
 0.00039354584809  0.56641129 0
 0.00039823091771  0.56783207 0
 0.00040291598733  0.56925284 0
 0.00040760105695  0.57061318 0
 0.00041228612657  0.57191311 0
 0.00041697119619  0.57321303 0
 0.00042165626581  0.57451295 0
 0.00042634133543  0.57581287 0
 0.00043102640505  0.57711279 0
 0.00043571147467  0.57841270 0
 0.00044039654429  0.57971262 0
 0.00044508161391  0.58101253 0
 0.00044976668353  0.58231244 0
 0.00045445175315  0.58361234 0
 0.00045913682277  0.58491225 0
 0.00046382189239  0.58619084 0
 0.00046850696201  0.58744813 0
 0.00047436329904  0.58901972 0
 0.00048021963606  0.59059131 0
 0.00048607597309  0.59216289 0
 0.00049193231011  0.59369015 0
 0.00049778864714  0.59515097 0
 0.00050364498416  0.59661177 0
 0.00050950132119  0.59807258 0
 0.00051535765821  0.59953337 0
 0.00052121399524  0.60094552 0
 0.00052707033227  0.60231625 0
 0.00053292666929  0.60367349 0
 0.00053878300632  0.60503070 0
 0.00054463934334  0.60635799 0
 0.00055049568037  0.60768528 0
 0.00055635201739  0.60901256 0
 0.00056220835442  0.61033984 0
 0.00056806469144  0.61163659 0
 0.00057392102847  0.61281127 0
 0.00057977736549  0.61398594 0
 0.00058563370252  0.61507699 0
 0.00059266130695  0.61636116 0
 0.00059968891138  0.61762795 0
 0.00060671651581  0.61888605 0
 0.00061374412024  0.62014416 0
 0.00062077172467  0.62140226 0
 0.00062779932910  0.62265676 0
 0.00063482693353  0.62390946 0
 0.00080700324207  0.64548270 0
 0.00081520211390  0.64644149 0
 0.00082340098574  0.64740027 0
 0.00083277112498  0.64849602 0
 0.00084214126422  0.64959177 0
 0.00085151140346  0.65068751 0
 0.00086088154270  0.65178325 0
 0.00108810741928  0.67808035 0
 0.00109982009333  0.67936615 0
 0.00111153276738  0.68065193 0
 0.00112324544143  0.68193771 0
 0.00113495811548  0.68322349 0
 0.00159409493825  0.72487778 0
 0.00161049268192  0.72619434 0
 0.00162689042559  0.72748893 0
 0.00174870223572  0.73676416 0
 0.00176627124679  0.73804045 0
 0.00178501152527  0.73940182 0
 0.00180375180375  0.74076318 0
 0.00191736474204  0.74867213 0
 0.00193727628793  0.75004135 0
 0.00242335226101  0.77943363 0
 0.00244794887652  0.78068570 0
 0.00250768351418  0.78317321 0
 0.00253345139709  0.78421338 0
 0.00255921928000  0.78525354 0
 0.00315422312176  0.80502238 0
 0.00316827833062  0.80543107 2
 0.00443324712805  0.83849732 0
 0.00463002005210  0.84310546 0
 0.00467687074830  0.84418374 0
 0.00496734506475  0.85064729 0
 0.00620654597927  0.87498042 0
 0.00640331890332  0.87806161 0
 0.01164591180825  0.92188020 0
 0.01316387436517  0.92779884 0
 0.01646684844737  0.93880822 3
 0.01993379996627  0.94804829 0
 0.04434769775679  0.97884814 0
 0.04435355409381  0.97885174 0
 0.11840693577707  0.99537406 4
 0.35360680084706  0.99977209 5
 0.48174814002736  0.99994917 6
 0.99088402578662  1.00000000 6
 0.99991449747943  1.00000000 1
 0.99995080676899  1.00000000 2
 0.99999297239557  1.00000000 5
 0.99999765746519  1.00000000 3
 1.00000000000000  1.00000000 4
