 0.02777777777778  0.29056546 0
 0.05555555555556  0.58113091 0
 0.08333333333333  0.65377227 0
 0.11111111111111  0.72641364 0
 0.13888888888889  0.79905500 0
 0.16666666666667  0.87169637 0
 0.19444444444444  0.87960983 1
 0.22222222222222  0.88752329 1
 0.25000000000000  0.89543675 1
 0.27777777777778  0.90335021 1
 0.30555555555556  0.91126367 1
 0.36111111111111  0.92709059 1
 0.41666666666667  0.94291752 1
 0.47222222222222  0.95874444 1
 0.52777777777778  0.97457136 1
 0.58333333333333  0.99039828 1
 0.63888888888889  0.99873381 2
 0.72222222222222  1.00000000 2
 0.77777777777778  1.00000000 2
 0.80555555555556  1.00000000 1
 0.88888888888889  1.00000000 1
 1.00000000000000  1.00000000 1
