 0.00020408163265  0.05675175 0
 0.00040816326531  0.11350350 0
 0.00061224489796  0.14421540 0
 0.00081632653061  0.17492731 0
 0.00102040816327  0.20563922 0
 0.00122448979592  0.23635113 0
 0.00142857142857  0.26706303 0
 0.00163265306122  0.29777494 0
 0.00183673469388  0.32848685 0
 0.00204081632653  0.35919875 0
 0.00224489795918  0.38676391 0
 0.00244897959184  0.41432907 0
 0.00265306122449  0.44189424 0
 0.00285714285714  0.46945940 0
 0.00306122448980  0.48873392 0
 0.00326530612245  0.50800844 0
 0.00346938775510  0.51483645 1
 0.01653061224490  0.82341652 2
 0.03285714285714  0.88393694 0
 0.03326530612245  0.88526492 0
 0.03367346938776  0.88659290 0
 0.03408163265306  0.88792088 0
 0.03448979591837  0.88924886 0
 0.03489795918367  0.89057684 0
 0.03530612244898  0.89190482 0
 0.03571428571429  0.89323280 0
 0.03612244897959  0.89446938 0
 0.03653061224490  0.89561455 0
 0.03693877551020  0.89675972 0
 0.03734693877551  0.89790489 0
 0.03775510204082  0.89905006 0
 0.03816326530612  0.90019524 0
 0.03857142857143  0.90134041 0
 0.03897959183673  0.90248558 0
 0.06877551020408  0.95277264 0
 0.06959183673469  0.95329633 0
 0.07040816326531  0.95381537 3
 0.07367346938776  0.95583184 0
 0.07448979591837  0.95632111 0
 0.20591836734694  0.98855186 4
 0.22265306122449  0.99006491 0
 0.34632653061224  0.99628886 0
 0.34693877551020  0.99630367 0
 0.87918367346939  0.99999994 4
 0.99857142857143  1.00000000 1
 0.99938775510204  1.00000000 2
 1.00000000000000  1.00000000 3
