 0.00000117126741  0.04765596 0
 0.00000234253481  0.09531180 0
 0.00000351380222  0.10291955 0
 0.00000468506962  0.11052729 0
 0.00000585633703  0.11813500 0
 0.00000702760443  0.12574269 0
 0.00000819887184  0.13335038 0
 0.00000937013924  0.14095807 0
 0.00001054140665  0.14856575 0
 0.00001171267405  0.15617342 0
 0.00001288394146  0.16378109 0
 0.00001522647627  0.17899641 0
 0.00001756901108  0.19421170 0
 0.00001991154589  0.20942699 0
 0.00002225408070  0.22464225 0
 0.00002459661551  0.23985747 0
 0.00002811041772  0.26268027 0
 0.00003162421994  0.28212830 0
 0.00003513802215  0.29482681 0
 0.00003982309177  0.31175808 0
 0.00004450816139  0.32868925 0
 0.00004919323101  0.34562029 0
 0.00005504956804  0.36678392 0
 0.00006090590506  0.38669580 0
 0.00006793350949  0.40833692 0
 0.00007496111392  0.42599437 0
 0.00008315998576  0.43730078 0
 0.00009253012500  0.45022232 0
 0.00010307153164  0.46447498 0
 0.00011478420569  0.47920704 0
 0.00011595547310  0.48050615 1
 0.00012883941455  0.49479643 1
 0.00014289462341  0.51038578 1
 0.00015812109968  0.52727423 1
 0.00017217630854  0.54277968 0
 0.00019091658702  0.56222348 0
 0.00021199940031  0.58213890 0
 0.00023425348101  0.60086701 0
 0.00025885009651  0.61811955 0
 0.00028696051423  0.62944445 0
 0.00031741346676  0.63970217 0
 0.00034552388448  0.64903506 1
 0.00038183317404  0.65922676 1
 0.00042282753322  0.67073340 1
 0.00045796555537  0.68053390 0
 0.00050715878638  0.69172686 0
 0.00051418639081  0.69328613 1
 0.00056923595885  0.70394708 1
 0.00063014186391  0.71572285 1
 0.00069690410600  0.72837796 1
 0.00077069395251  0.74231296 1
 0.00079529056802  0.74692022 0
 0.00085268267086  0.75675774 1
 0.00094287026105  0.77192193 1
 0.00104242799048  0.78789126 1
 0.00104828432751  0.78879612 0
 0.00115252712655  0.80195358 1
 0.00127316766927  0.81638136 0
 0.00132938850471  0.82246631 1
 0.00146994059332  0.83453494 1
 0.00162454789078  0.84567816 1
 0.00179555293192  0.85721337 1
 0.00189159685913  0.86345179 0
 0.00198529825153  0.86926835 1
 0.00209071231799  0.87449450 0
 0.00211648020090  0.87549729 2
 0.00219495511703  0.87834648 1
 0.00233902100785  0.88335304 2
 0.00242569479582  0.88617831 1
 0.00258498716291  0.89130695 2
 0.00284735106164  0.89929829 1
 0.00295979273252  0.90261118 2
 0.00314719551733  0.90792349 1
 0.00347866419295  0.91516231 1
 0.00369066359326  0.91904449 0
 0.00388743651731  0.92208151 1
 0.00405609902363  0.92432956 2
 0.00429620884166  0.92733659 1
 0.00448361162647  0.92950417 2
 0.00478696988437  0.93281868 1
 0.00501185322614  0.93502303 0
 0.00529061486854  0.93767751 1
 0.00535620584322  0.93828990 2
 0.00591841419763  0.94317211 1
 0.00631196004573  0.94626925 2
 0.00687416840014  0.95023423 1
 0.00698661007103  0.95100792 2
 0.00759801165645  0.95512241 1
 0.00788614343809  0.95695239 2
 0.00839798729409  0.95981225 1
 0.00871657202826  0.96142035 2
 0.00928112291749  0.96414656 1
 0.00963367440640  0.96579560 2
 0.01025795993328  0.96860142 1
 0.01064682071176  0.97029374 2
 0.01133669721332  0.97311577 1
 0.01142805607091  0.97346732 0
 0.01176655235097  0.97468540 2
 0.01280546653923  0.97737454 1
 0.01300458199809  0.97784379 2
 0.01437262232717  0.98045665 2
 0.01505429995690  0.98155702 1
 0.01588472854707  0.98279210 2
 0.01623493750117  0.98326938 3
 0.01640360000750  0.98348898 0
 0.01663785348850  0.98378647 1
 0.01755612713405  0.98487486 2
 0.01794264537771  0.98528778 3
 0.01853999175428  0.98588535 1
 0.01940321583179  0.98669023 2
 0.01983072843462  0.98706901 3
 0.02058268210866  0.98771546 1
 0.02144473491876  0.98841508 2
 0.02193198215925  0.98880091 3
 0.02288773636176  0.98945294 1
 0.02389971139971  0.99001934 2
 0.02513656977943  0.99064908 3
 0.02536145312119  0.99075541 1
 0.02648586983003  0.99125857 2
 0.02802960026986  0.99189741 1
 0.02873470324769  0.99217238 3
 0.02929691160211  0.99238321 2
 0.02963423661476  0.99250469 0
 0.03111003354510  0.99301730 1
 0.03175774442008  0.99322834 3
 0.03237851614475  0.99342529 2
 0.03509819905924  0.99422714 3
 0.03510171286145  0.99422811 1
 0.03600124622852  0.99447066 2
 0.03879003391990  0.99516281 3
 0.03892472967148  0.99519461 1
 0.04055513389929  0.99555087 2
 0.04286955829164  0.99600721 3
 0.04336617567137  0.99609936 1
 0.04482088978842  0.99635081 2
 0.04737893780102  0.99674576 3
 0.04848227169656  0.99690417 1
 0.04953524109368  0.99704946 2
 0.05241773017747  0.99740813 3
 0.05309238020277  0.99748208 0
 0.05358196997807  0.99753473 1
 0.05474503851127  0.99765625 2
 0.05823658664568  0.99794040 3
 0.05986699087348  0.99804411 1
 0.06065408256967  0.99808964 2
 0.06076652424055  0.99809590 0
 0.06436231517400  0.99828415 3
 0.06526419107588  0.99832853 4
 0.06740058282266  0.99842921 2
 0.07111115796181  0.99859282 1
 0.07156092464534  0.99861154 3
 0.07240423717696  0.99864558 4
 0.07448909315792  0.99872566 2
 0.07886963325275  0.99887671 1
 0.08001981784449  0.99891228 4
 0.08232370083019  0.99897895 2
 0.08466037930324  0.99903950 3
 0.08730275856899  0.99910301 1
 0.09028246284740  0.99916871 4
 0.09151932122711  0.99919401 2
 0.09356435411630  0.99923358 3
 0.09809715897378  0.99931228 1
 0.10114479676168  0.99936087 2
 0.10383168418883  0.99939980 3
 0.10568697175840  0.99942476 4
 0.10861045520136  0.99946206 1
 0.11181504282154  0.99950097 2
 0.11475258147336  0.99953415 3
 0.11979840145425  0.99958620 4
 0.12159746818838  0.99960384 1
 0.12423984745413  0.99962811 2
 0.12682132081483  0.99965052 3
 0.13351628530200  0.99970306 4
 0.13464070201083  0.99971082 1
 0.13627110623864  0.99972171 0
 0.13730650662469  0.99972833 2
 0.14015971402335  0.99974580 3
 0.14765582541557  0.99978642 4
 0.14894890463072  0.99979262 1
 0.15215349225089  0.99980690 2
 0.15496453402298  0.99981817 3
 0.16559027192144  0.99985175 1
 0.16851375536440  0.99985931 2
 0.17126271996402  0.99986601 3
 0.17329252637694  0.99987080 4
 0.18211919754128  0.99988968 5
 0.18639198103484  0.99989747 2
 0.18886569779427  0.99990172 1
 0.18927447011863  0.99990240 3
 0.19151861846667  0.99990609 4
 0.20601305260396  0.99992697 2
 0.20918133093458  0.99993100 3
 0.21141025280636  0.99993369 5
 0.21166090403103  0.99993399 4
 0.21169135698356  0.99993403 1
 0.22793917842619  0.99995056 2
 0.23190274732483  0.99995387 3
 0.23426402241337  0.99995571 4
 0.23516355578044  0.99995640 1
 0.25191736474204  0.99996725 2
 0.25629321976725  0.99996964 3
 0.25978828170387  0.99997144 4
 0.25990072337475  0.99997150 1
 0.27845359907048  0.99997943 2
 0.28324876782669  0.99998110 3
 0.28722404939937  0.99998236 4
 0.28806736193100  0.99998262 1
 0.30791331684189  0.99998771 2
 0.31303878300632  0.99998879 3
 0.31792062555050  0.99998973 4
 0.32219340904406  0.99999050 1
 0.34029768932366  0.99999305 2
 0.34234857854988  0.99999329 6
 0.34430225258147  0.99999349 0
 0.34560821573809  0.99999363 0
 0.34596193849441  0.99999366 3
 0.35329758625213  0.99999435 4
 0.35700816139128  0.99999467 1
 0.35800842375518  0.99999475 5
 0.37618415134649  0.99999611 2
 0.38234736043178  0.99999650 3
 0.39352827908023  0.99999709 4
 0.39746373756114  0.99999728 5
 0.40499264444070  0.99999760 1
 0.41610094451004  0.99999800 2
 0.42255931298139  0.99999820 3
 0.43611556192725  0.99999857 4
 0.45860389610390  0.99999905 1
 0.46169604205318  0.99999910 2
 0.46700071213058  0.99999918 3
 0.48275074492607  0.99999939 4
 0.48440925957160  0.99999940 5
 0.51032003710575  0.99999963 2
 0.51145148141901  0.99999964 1
 0.51611663949326  0.99999967 3
 0.53352401566687  0.99999976 4
 0.54130708757332  0.99999979 5
 0.56413040422781  0.99999986 2
 0.56890566143813  0.99999987 1
 0.57042713779727  0.99999988 3
 0.59041013099455  0.99999991 4
 0.59884911264781  0.99999993 5
 0.62346095462979  0.99999996 2
 0.62876093963756  0.99999996 1
 0.63041945428309  0.99999996 3
 0.65250838627462  0.99999998 4
 0.67403862371395  0.99999999 5
 0.68916671351736  0.99999999 2
 0.69489421112798  0.99999999 1
 0.69672138827983  0.99999999 3
 0.70978804745039  0.99999999 6
 0.72131097618111  1.00000000 4
 0.74509590337512  1.00000000 5
 0.76228893761361  1.00000000 2
 0.76999704840614  1.00000000 3
 0.78731423698956  1.00000000 1
 0.79717279473773  1.00000000 4
 0.82348297445700  1.00000000 5
 0.84247741796443  1.00000000 2
 0.85098667566200  1.00000000 3
 0.87096966885928  1.00000000 1
 0.87165486029122  1.00000000 6
 0.88101211559004  1.00000000 4
 0.91016496130132  1.00000000 5
 0.93133796218212  1.00000000 2
 0.94048790315024  1.00000000 3
 0.96263188470981  1.00000000 1
 0.96343771668447  1.00000000 6
 0.97366990873484  1.00000000 4
 0.99990161353798  1.00000000 6
 0.99994495043196  1.00000000 1
 0.99998125972152  1.00000000 5
 0.99999765746519  1.00000000 2
 0.99999882873259  1.00000000 3
 1.00000000000000  1.00000000 4
